0.77,	1.69,	2.01,	8.1,	2.35
0.72,	2.1,	2.16,	8.82,	2.25
0.83,	2.47,	2.33,	9.38,	2.19
0.83,	2.81,	2.53,	9.76,	2.17
0.85,	3.06,	2.78,	9.91,	2.19
0.93,	3.26,	3.09,	9.82,	2.23
0.74,	3.29,	3.42,	9.49,	2.3
0.67,	3.24,	3.75,	8.97,	2.37
0.6,	3.13,	4.07,	8.31,	2.43
0.47,	3.01,	4.35,	7.55,	2.48
0.4,	2.65,	4.59,	6.77,	2.51
0.31,	2.34,	4.72,	6.03,	2.51
0.26,	1.93,	4.75,	5.36,	2.49
0.21,	1.56,	4.7,	4.81,	2.44
0.14,	1.2,	4.59,	4.39,	2.37
0.24,	0.75,	4.45,	4.1,	2.29
0.27,	0.67,	4.21,	3.92,	2.21
0.15,	0.66,	3.97,	3.83,	2.14
0.09,	0.61,	3.74,	3.8,	2.08
0.15,	0.59,	3.49,	3.8,	2.04
0.34,	0.55,	3.17,	3.81,	2.03
0.31,	0.58,	2.94,	3.81,	2.04
0.31,	0.62,	2.78,	3.8,	2.07
0.33,	0.76,	2.59,	3.79,	2.12
0.31,	0.83,	2.36,	3.78,	2.18
0.25,	0.82,	2.2,	3.81,	2.25
0.15,	0.82,	2.01,	3.88,	2.32
0.13,	0.97,	1.82,	4.0,	2.38
0.36,	1.33,	1.63,	4.19,	2.43
0.55,	1.59,	1.36,	4.41,	2.47
0.77,	1.75,	1.12,	4.68,	2.5
1.01,	1.83,	1.08,	4.96,	2.51
1.1,	1.93,	0.99,	5.21,	2.51
1.12,	2.15,	0.71,	5.43,	2.5
1.13,	2.55,	0.61,	5.53,	2.48
0.93,	2.9,	0.71,	5.54,	2.46
0.67,	3.18,	0.76,	5.42,	2.43
0.5,	3.35,	0.79,	5.18,	2.4
0.52,	3.0,	0.9,	4.87,	2.37
0.57,	2.37,	0.99,	4.43,	2.35
0.65,	1.91,	1.09,	3.97,	2.32
0.65,	1.87,	1.24,	3.48,	2.31
0.62,	1.95,	1.35,	3.0,	2.31
0.61,	1.85,	1.43,	2.6,	2.32
0.76,	1.49,	1.43,	2.23,	2.35
1.03,	0.9,	1.36,	1.95,	2.39
1.68,	0.38,	1.43,	1.76,	2.43
2.47,	0.27,	1.46,	1.62,	2.48
2.6,	0.29,	1.28,	1.54,	2.52
2.53,	0.28,	1.1,	1.48,	2.55
2.43,	0.24,	0.96,	1.44,	2.56
2.09,	0.17,	0.91,	1.39,	2.55
1.75,	0.16,	0.87,	1.33,	2.52
1.64,	0.19,	0.83,	1.26,	2.47
1.76,	0.21,	0.89,	1.19,	2.41
2.6,	0.27,	0.96,	1.13,	2.33
3.36,	0.33,	1.02,	1.04,	2.26
3.69,	0.34,	1.16,	0.98,	2.19
3.66,	0.4,	1.42,	0.95,	2.14
3.31,	0.76,	1.76,	0.89,	2.1
2.85,	1.1,	1.78,	0.9,	2.08
2.38,	1.09,	1.6,	0.87,	2.08
2.19,	0.83,	1.75,	0.88,	2.1
2.47,	0.69,	2.06,	0.89,	2.12
3.56,	0.93,	2.06,	0.88,	2.16
4.82,	1.11,	1.88,	0.91,	2.19
6.44,	0.99,	1.8,	0.89,	2.22
7.68,	0.62,	1.76,	0.9,	2.23
8.64,	0.43,	1.89,	0.89,	2.24
9.58,	0.81,	2.01,	0.9,	2.23
9.91,	1.28,	1.66,	0.9,	2.21
9.65,	1.34,	1.42,	0.91,	2.19
8.65,	0.88,	1.48,	0.95,	2.16
7.23,	0.42,	1.44,	0.98,	2.14
5.89,	0.4,	1.28,	1.04,	2.12
4.75,	0.6,	1.08,	1.09,	2.11
3.67,	0.75,	0.85,	1.15,	2.12
2.73,	0.79,	0.76,	1.21,	2.15
2.09,	0.75,	0.75,	1.26,	2.19
1.6,	0.68,	0.66,	1.32,	2.25
1.11,	0.59,	0.59,	1.38,	2.3
0.87,	0.57,	0.64,	1.45,	2.36
0.87,	0.62,	0.7,	1.54,	2.41
0.78,	0.64,	0.78,	1.65,	2.45
0.73,	0.67,	0.88,	1.78,	2.47
0.95,	0.63,	0.98,	1.94,	2.46
1.24,	0.66,	1.11,	2.13,	2.43
1.42,	0.76,	1.18,	2.33,	2.38
1.57,	0.89,	1.22,	2.52,	2.3
1.72,	0.97,	1.3,	2.7,	2.21
1.82,	0.86,	1.31,	2.83,	2.1
1.83,	0.63,	1.25,	2.93,	1.99
1.7,	0.39,	1.25,	2.95,	1.9
1.45,	0.37,	1.16,	2.91,	1.81
1.11,	0.49,	1.05,	2.8,	1.75
0.69,	0.66,	0.98,	2.62,	1.71
0.34,	0.77,	0.84,	2.39,	1.7
0.08,	0.8,	0.7,	2.14,	1.71
0.09,	0.72,	0.64,	1.87,	1.76
0.27,	0.58,	0.54,	1.61,	1.82
0.64,	0.47,	0.39,	1.38,	1.91
0.98,	0.48,	0.33,	1.2,	2.0
1.07,	0.53,	0.27,	1.07,	2.09
1.19,	0.63,	0.21,	1.0,	2.17
1.32,	0.69,	0.2,	1.01,	2.24
1.22,	0.58,	0.16,	1.06,	2.29
1.07,	0.39,	0.09,	1.18,	2.32
0.87,	0.27,	0.14,	1.34,	2.32
0.72,	0.31,	0.19,	1.53,	2.29
0.51,	0.46,	0.16,	1.74,	2.25
0.41,	0.56,	0.19,	1.96,	2.19
0.35,	0.53,	0.27,	2.16,	2.13
0.3,	0.4,	0.35,	2.35,	2.06
0.31,	0.31,	0.44,	2.5,	2.0
0.36,	0.32,	0.55,	2.61,	1.95
0.36,	0.4,	0.67,	2.68,	1.93
0.33,	0.5,	0.77,	2.7,	1.92
0.26,	0.58,	0.87,	2.69,	1.92
0.18,	0.66,	1.0,	2.66,	1.94
0.14,	0.68,	1.14,	2.61,	1.96
0.14,	0.61,	1.21,	2.59,	1.99
0.15,	0.49,	1.24,	2.58,	2.0
0.15,	0.4,	1.34,	2.62,	2.0
0.13,	0.37,	1.5,	2.71,	1.99
0.11,	0.43,	1.65,	2.82,	1.97
0.09,	0.42,	1.79,	2.97,	1.93
0.13,	0.39,	2.01,	3.14,	1.89
0.2,	0.27,	2.33,	3.3,	1.84
0.33,	0.14,	2.63,	3.44,	1.79
0.46,	0.11,	2.87,	3.55,	1.74
0.62,	0.19,	3.17,	3.61,	1.69
0.61,	0.28,	3.51,	3.62,	1.64
0.52,	0.36,	3.72,	3.58,	1.59
0.4,	0.48,	3.79,	3.49,	1.54
0.35,	0.65,	3.95,	3.37,	1.49
0.37,	0.81,	3.97,	3.22,	1.44
0.35,	0.91,	3.74,	3.06,	1.4
0.35,	0.99,	3.45,	2.91,	1.36
0.28,	1.06,	3.18,	2.75,	1.32
0.24,	1.17,	2.84,	2.62,	1.31
0.18,	1.29,	2.45,	2.5,	1.31
0.15,	1.42,	2.06,	2.39,	1.33
0.21,	1.48,	1.72,	2.3,	1.38
0.33,	1.44,	1.46,	2.21,	1.45
0.45,	1.37,	1.24,	2.13,	1.55
0.73,	1.1,	1.01,	2.06,	1.67
0.97,	0.98,	0.93,	2.02,	1.8
1.32,	0.9,	0.87,	2.01,	1.94
1.73,	0.77,	0.9,	2.05,	2.07
2.27,	0.63,	0.98,	2.13,	2.2
2.96,	0.59,	1.08,	2.25,	2.31
3.81,	0.7,	1.18,	2.42,	2.41
4.41,	0.85,	1.28,	2.61,	2.5
4.87,	1.06,	1.39,	2.81,	2.57
5.27,	1.31,	1.48,	3.01,	2.63
5.0,	1.62,	1.68,	3.19,	2.69
4.84,	2.01,	1.72,	3.32,	2.75
4.42,	2.39,	1.66,	3.41,	2.81
4.65,	2.71,	1.71,	3.44,	2.89
4.95,	2.99,	1.78,	3.41,	2.98
5.15,	3.2,	1.83,	3.34,	3.08
5.25,	3.35,	1.87,	3.22,	3.18
4.94,	3.43,	1.91,	3.09,	3.29
4.07,	3.56,	1.97,	2.97,	3.41
3.24,	3.62,	1.92,	2.86,	3.51
2.94,	3.31,	1.85,	2.8,	3.61
2.88,	2.99,	1.78,	2.79,	3.69
2.68,	2.66,	1.68,	2.83,	3.75
2.38,	2.36,	1.58,	2.91,	3.78
1.76,	2.06,	1.48,	3.03,	3.77
0.71,	1.48,	1.32,	3.15,	3.73
0.22,	1.12,	1.12,	3.28,	3.65
0.06,	1.04,	0.87,	3.38,	3.54
0.03,	1.1,	0.72,	3.45,	3.39
0.03,	1.07,	0.59,	3.46,	3.22
0.04,	1.06,	0.5,	3.43,	3.03
0.05,	1.02,	0.43,	3.34,	2.83
0.07,	0.92,	0.38,	3.21,	2.64
0.09,	0.89,	0.35,	3.04,	2.46
0.09,	0.82,	0.34,	2.84,	2.3
0.1,	0.77,	0.35,	2.63,	2.17
0.14,	0.68,	0.38,	2.42,	2.06
0.21,	0.6,	0.42,	2.22,	1.98
0.21,	0.58,	0.48,	2.03,	1.91
0.27,	0.53,	0.57,	1.87,	1.86
0.26,	0.52,	0.69,	1.74,	1.82
0.28,	0.49,	0.83,	1.67,	1.77
0.2,	0.47,	1.01,	1.64,	1.72
0.19,	0.44,	1.21,	1.67,	1.65
0.26,	0.36,	1.38,	1.76,	1.58
0.25,	0.38,	1.56,	1.89,	1.49
0.31,	0.39,	1.72,	2.06,	1.41
0.3,	0.42,	1.84,	2.25,	1.33
0.33,	0.46,	1.9,	2.44,	1.28
0.39,	0.52,	1.91,	2.62,	1.24
0.42,	0.54,	1.93,	2.76,	1.23
0.44,	0.56,	1.84,	2.86,	1.25
0.41,	0.6,	1.63,	2.9,	1.28
0.37,	0.72,	1.46,	2.91,	1.33
0.34,	0.83,	1.3,	2.88,	1.39
0.29,	0.93,	1.15,	2.84,	1.46
0.27,	0.91,	0.94,	2.79,	1.53
0.32,	0.8,	0.71,	2.77,	1.62
0.43,	0.75,	0.63,	2.79,	1.72
0.51,	0.83,	0.64,	2.85,	1.84
0.57,	0.97,	0.57,	2.98,	1.98
0.6,	1.11,	0.5,	3.15,	2.15
0.57,	1.06,	0.56,	3.38,	2.32
0.49,	0.94,	0.65,	3.62,	2.5
0.26,	0.79,	0.72,	3.88,	2.67
0.15,	0.86,	0.75,	4.1,	2.82
0.09,	0.98,	0.76,	4.28,	2.93
0.07,	0.96,	0.8,	4.4,	3.0
0.08,	0.9,	0.85,	4.43,	3.02
0.2,	0.7,	0.8,	4.4,	2.98
0.4,	0.52,	0.72,	4.27,	2.9
0.63,	0.44,	0.71,	4.07,	2.78
0.67,	0.43,	0.68,	3.82,	2.63
0.79,	0.46,	0.6,	3.51,	2.47
0.82,	0.4,	0.51,	3.2,	2.31
0.89,	0.3,	0.46,	2.86,	2.17
0.95,	0.21,	0.43,	2.53,	2.06
0.99,	0.21,	0.4,	2.23,	1.99
1.09,	0.31,	0.37,	1.95,	1.96
1.07,	0.37,	0.37,	1.72,	1.97
1.07,	0.45,	0.38,	1.54,	2.01
1.07,	0.56,	0.41,	1.41,	2.07
1.23,	0.69,	0.44,	1.34,	2.14
1.4,	0.81,	0.44,	1.32,	2.2
2.4,	1.03,	0.5,	1.34,	2.25
3.47,	1.24,	0.6,	1.44,	2.27
5.1,	1.33,	0.52,	1.54,	2.26
6.63,	1.18,	0.36,	1.72,	2.22
8.19,	0.88,	0.39,	1.91,	2.15
9.44,	0.91,	0.55,	2.12,	2.04
9.99,	1.45,	0.57,	2.34,	1.92
10.05,	2.21,	0.51,	2.55,	1.79
9.39,	2.28,	0.42,	2.76,	1.65
8.16,	1.57,	0.59,	2.9,	1.52
6.76,	0.67,	0.88,	3.05,	1.4
5.4,	0.23,	0.87,	3.11,	1.3
4.37,	0.49,	0.96,	3.17,	1.23
3.63,	0.82,	1.23,	3.17,	1.18
3.18,	0.97,	1.32,	3.17,	1.15
3.16,	0.9,	1.36,	3.2,	1.15
3.7,	0.75,	1.65,	3.22,	1.16
4.34,	0.55,	1.8,	3.3,	1.19
4.88,	0.35,	1.7,	3.42,	1.22
5.06,	0.24,	1.65,	3.57,	1.25
4.88,	0.24,	1.65,	3.76,	1.27
4.54,	0.31,	1.6,	3.95,	1.29
4.01,	0.42,	1.49,	4.14,	1.3
3.87,	0.48,	1.38,	4.28,	1.31
3.58,	0.52,	1.28,	4.36,	1.31
3.97,	0.59,	1.19,	4.37,	1.3
4.04,	0.62,	1.13,	4.29,	1.3
3.83,	0.64,	1.11,	4.15,	1.28
3.09,	0.63,	1.02,	3.96,	1.27
1.82,	0.8,	0.87,	3.7,	1.26
0.93,	1.07,	1.02,	3.46,	1.25
0.63,	1.16,	1.16,	3.22,	1.24
0.94,	0.99,	1.03,	3.01,	1.23
1.87,	0.65,	0.99,	2.86,	1.23
3.08,	0.36,	1.17,	2.75,	1.24
3.85,	0.31,	1.27,	2.7,	1.25
4.93,	0.41,	1.32,	2.69,	1.27
5.4,	0.49,	1.37,	2.69,	1.29
5.34,	0.45,	1.39,	2.71,	1.31
4.95,	0.41,	1.48,	2.71,	1.34
3.96,	0.53,	1.7,	2.68,	1.37
2.99,	0.72,	1.59,	2.62,	1.4
1.96,	0.88,	1.39,	2.52,	1.43
1.45,	0.7,	1.38,	2.42,	1.47
0.87,	0.42,	1.39,	2.34,	1.52
0.51,	0.24,	1.29,	2.29,	1.57
0.33,	0.18,	1.19,	2.31,	1.64
0.36,	0.16,	1.11,	2.41,	1.71
0.46,	0.14,	1.04,	2.58,	1.79
0.54,	0.12,	0.93,	2.82,	1.87
0.54,	0.15,	0.9,	3.1,	1.96
0.46,	0.16,	0.9,	3.4,	2.04
0.35,	0.17,	0.88,	3.7,	2.12
0.2,	0.16,	0.8,	3.95,	2.19
0.11,	0.15,	0.8,	4.16,	2.25
0.09,	0.16,	0.81,	4.31,	2.29
0.08,	0.2,	0.82,	4.38,	2.32
0.12,	0.21,	0.82,	4.38,	2.33
0.16,	0.23,	0.83,	4.33,	2.32
0.19,	0.29,	0.85,	4.24,	2.31
0.25,	0.3,	0.89,	4.14,	2.28
0.38,	0.3,	0.99,	4.05,	2.25
0.64,	0.3,	1.19,	3.98,	2.22
1.04,	0.36,	1.37,	3.96,	2.2
1.73,	0.46,	1.47,	3.97,	2.19
2.25,	0.46,	1.68,	4.0,	2.19
2.52,	0.39,	1.96,	4.07,	2.21
2.82,	0.33,	2.18,	4.12,	2.25
2.97,	0.45,	2.42,	4.16,	2.29
2.79,	0.58,	2.79,	4.16,	2.34
2.36,	0.57,	3.05,	4.11,	2.4
1.6,	0.34,	3.25,	4.02,	2.47
0.93,	0.21,	3.64,	3.87,	2.52
0.42,	0.27,	4.07,	3.7,	2.57
0.19,	0.4,	4.44,	3.5,	2.61
0.21,	0.38,	4.71,	3.29,	2.64
0.31,	0.29,	4.96,	3.1,	2.65
0.51,	0.2,	5.27,	2.92,	2.64
0.7,	0.23,	5.52,	2.79,	2.61
0.78,	0.33,	5.5,	2.68,	2.56
0.82,	0.46,	5.32,	2.63,	2.51
0.88,	0.59,	5.17,	2.62,	2.46
1.02,	0.77,	4.83,	2.64,	2.42
0.91,	0.95,	4.39,	2.7,	2.41
0.65,	1.21,	3.79,	2.79,	2.44
0.73,	1.35,	3.28,	2.89,	2.52
0.72,	1.5,	2.7,	2.99,	2.64
0.69,	1.64,	2.19,	3.07,	2.81
0.68,	1.72,	1.72,	3.14,	3.01
0.52,	1.83,	1.35,	3.18,	3.23
0.32,	1.94,	0.98,	3.19,	3.44
0.33,	1.84,	0.74,	3.16,	3.64
0.3,	1.68,	0.63,	3.1,	3.79
0.28,	1.45,	0.59,	3.0,	3.88
0.45,	1.13,	0.58,	2.87,	3.91
0.46,	0.92,	0.64,	2.71,	3.86
0.37,	0.67,	0.73,	2.54,	3.74
0.32,	0.51,	0.83,	2.36,	3.56
0.25,	0.44,	0.96,	2.21,	3.34
0.16,	0.33,	1.07,	2.1,	3.1
0.11,	0.19,	1.19,	2.04,	2.84
0.12,	0.16,	1.3,	2.03,	2.61
0.11,	0.19,	1.4,	2.09,	2.41
0.1,	0.22,	1.43,	2.19,	2.26
0.14,	0.24,	1.45,	2.34,	2.16
0.08,	0.28,	1.43,	2.54,	2.13
0.09,	0.3,	1.35,	2.76,	2.14
0.1,	0.31,	1.23,	3.0,	2.19
0.16,	0.32,	1.07,	3.22,	2.27
0.24,	0.29,	0.92,	3.43,	2.36
0.22,	0.3,	0.79,	3.6,	2.44
0.3,	0.28,	0.67,	3.72,	2.5
0.34,	0.27,	0.53,	3.78,	2.54
0.41,	0.27,	0.44,	3.78,	2.55
0.44,	0.24,	0.39,	3.72,	2.52
0.46,	0.24,	0.35,	3.6,	2.47
0.33,	0.25,	0.34,	3.43,	2.4
0.23,	0.34,	0.37,	3.22,	2.31
0.28,	0.39,	0.38,	2.98,	2.22
0.32,	0.45,	0.38,	2.74,	2.13
0.41,	0.5,	0.4,	2.51,	2.05
0.56,	0.56,	0.43,	2.3,	1.98
0.71,	0.62,	0.43,	2.13,	1.93
0.97,	0.67,	0.43,	2.01,	1.89
0.97,	0.68,	0.43,	1.95,	1.86
1.0,	0.67,	0.42,	1.94,	1.83
0.95,	0.66,	0.42,	1.97,	1.8
0.81,	0.7,	0.39,	2.06,	1.77
0.65,	0.73,	0.35,	2.15,	1.73
0.5,	0.74,	0.33,	2.25,	1.69
0.39,	0.73,	0.33,	2.35,	1.65
0.14,	0.65,	0.31,	2.42,	1.63
0.11,	0.71,	0.31,	2.49,	1.61
0.09,	0.81,	0.33,	2.53,	1.61
0.08,	0.94,	0.36,	2.56,	1.63
0.11,	1.1,	0.41,	2.59,	1.66
0.16,	1.29,	0.51,	2.62,	1.69
0.2,	1.49,	0.6,	2.65,	1.72
0.22,	1.65,	0.68,	2.68,	1.75
0.23,	1.78,	0.76,	2.72,	1.77
0.27,	1.9,	0.83,	2.74,	1.78
0.28,	1.97,	0.88,	2.75,	1.79
0.2,	2.05,	0.92,	2.73,	1.78
0.21,	2.04,	0.9,	2.69,	1.77
0.3,	1.96,	0.88,	2.62,	1.77
0.31,	1.94,	0.8,	2.52,	1.77
0.33,	1.84,	0.71,	2.41,	1.78
0.35,	1.73,	0.62,	2.31,	1.79
0.31,	1.55,	0.53,	2.21,	1.81
0.24,	1.33,	0.44,	2.13,	1.83
0.16,	1.17,	0.36,	2.08,	1.84
0.11,	1.13,	0.31,	2.07,	1.84
0.2,	0.97,	0.3,	2.1,	1.83
0.31,	0.87,	0.34,	2.15,	1.8
0.32,	0.82,	0.43,	2.21,	1.76
0.29,	0.76,	0.55,	2.29,	1.71
0.26,	0.74,	0.71,	2.36,	1.64
0.26,	0.7,	0.92,	2.42,	1.57
0.15,	0.59,	1.18,	2.46,	1.51
0.06,	0.54,	1.49,	2.47,	1.44
0.03,	0.58,	1.77,	2.46,	1.39
0.05,	0.56,	2.04,	2.43,	1.36
0.04,	0.57,	2.28,	2.37,	1.34
0.05,	0.54,	2.47,	2.29,	1.35
0.04,	0.49,	2.6,	2.18,	1.38
0.05,	0.48,	2.66,	2.06,	1.43
0.06,	0.48,	2.65,	1.93,	1.5
0.07,	0.49,	2.57,	1.8,	1.59
0.05,	0.49,	2.43,	1.67,	1.69
0.09,	0.53,	2.23,	1.55,	1.8
0.11,	0.57,	2.0,	1.46,	1.91
0.14,	0.6,	1.75,	1.4,	2.01
0.16,	0.63,	1.49,	1.36,	2.1
0.14,	0.69,	1.22,	1.36,	2.18
0.12,	0.74,	0.99,	1.38,	2.23
0.1,	0.78,	0.82,	1.43,	2.27
0.11,	0.78,	0.65,	1.5,	2.28
0.1,	0.84,	0.48,	1.58,	2.28
0.17,	0.8,	0.41,	1.66,	2.27
0.22,	0.73,	0.38,	1.74,	2.25
0.19,	0.71,	0.34,	1.81,	2.24
0.2,	0.63,	0.3,	1.86,	2.23
0.21,	0.58,	0.27,	1.89,	2.23
0.25,	0.52,	0.24,	1.91,	2.25
0.25,	0.53,	0.21,	1.91,	2.28
0.17,	0.58,	0.19,	1.9,	2.33
0.12,	0.61,	0.15,	1.89,	2.4
0.16,	0.62,	0.15,	1.88,	2.49
0.13,	0.71,	0.13,	1.89,	2.61
0.1,	0.8,	0.12,	1.9,	2.75
0.07,	0.9,	0.12,	1.93,	2.91
0.06,	0.97,	0.11,	1.96,	3.08
0.1,	1.02,	0.1,	1.99,	3.25
0.07,	1.14,	0.11,	2.01,	3.41
0.08,	1.2,	0.11,	2.03,	3.55
0.06,	1.25,	0.11,	2.03,	3.66
0.08,	1.26,	0.14,	2.03,	3.73
0.11,	1.27,	0.19,	2.02,	3.77
0.16,	1.23,	0.26,	2.0,	3.76
0.18,	1.14,	0.35,	1.98,	3.71
0.18,	0.99,	0.47,	1.97,	3.63
0.26,	0.92,	0.6,	1.98,	3.53
0.3,	0.85,	0.74,	1.99,	3.41
0.4,	0.74,	0.88,	2.02,	3.28
0.48,	0.68,	1.0,	2.07,	3.16
0.63,	0.64,	1.12,	2.13,	3.04
0.84,	0.59,	1.18,	2.19,	2.94
1.02,	0.6,	1.2,	2.26,	2.85
1.12,	0.65,	1.19,	2.32,	2.77
1.18,	0.73,	1.14,	2.36,	2.71
1.18,	0.83,	1.05,	2.38,	2.66
1.24,	0.91,	0.94,	2.39,	2.61
0.95,	1.02,	0.82,	2.37,	2.56
0.65,	1.13,	0.71,	2.34,	2.52
0.55,	1.15,	0.64,	2.3,	2.5
0.54,	1.09,	0.58,	2.25,	2.51
0.58,	0.95,	0.58,	2.19,	2.54
0.44,	0.91,	0.69,	2.13,	2.61
0.31,	0.8,	0.87,	2.07,	2.71
0.22,	0.62,	1.17,	2.0,	2.84
0.22,	0.43,	1.52,	1.93,	2.98
0.29,	0.26,	1.9,	1.87,	3.12
0.42,	0.18,	2.32,	1.81,	3.24
0.24,	0.1,	2.72,	1.76,	3.33
0.23,	0.09,	3.08,	1.74,	3.37
0.22,	0.1,	3.36,	1.75,	3.37
0.23,	0.12,	3.52,	1.8,	3.33
0.19,	0.14,	3.6,	1.89,	3.24
0.15,	0.16,	3.51,	2.01,	3.13
0.18,	0.17,	3.35,	2.15,	2.99
0.17,	0.17,	3.11,	2.3,	2.86
0.14,	0.17,	2.79,	2.46,	2.73
0.14,	0.17,	2.45,	2.59,	2.63
0.13,	0.17,	2.09,	2.71,	2.55
0.12,	0.18,	1.77,	2.79,	2.49
0.1,	0.18,	1.43,	2.83,	2.45
0.08,	0.16,	1.15,	2.83,	2.42
0.09,	0.14,	0.96,	2.79,	2.39
0.07,	0.11,	0.83,	2.71,	2.35
0.02,	0.1,	0.71,	2.6,	2.29
0.01,	0.12,	0.71,	2.46,	2.21
0.03,	0.1,	0.69,	2.31,	2.1
0.04,	0.11,	0.74,	2.16,	1.99
0.02,	0.11,	0.79,	2.0,	1.87
0.02,	0.11,	0.87,	1.85,	1.76
0.02,	0.11,	0.94,	1.73,	1.67
0.03,	0.12,	1.02,	1.62,	1.6
0.03,	0.15,	1.11,	1.56,	1.57
0.05,	0.15,	1.18,	1.52,	1.57
0.07,	0.16,	1.24,	1.52,	1.6
0.11,	0.15,	1.3,	1.56,	1.67
0.14,	0.17,	1.34,	1.63,	1.75
0.18,	0.2,	1.37,	1.73,	1.86
0.2,	0.22,	1.4,	1.85,	1.97
0.27,	0.24,	1.43,	1.97,	2.08
0.38,	0.26,	1.46,	2.08,	2.19
0.39,	0.28,	1.5,	2.18,	2.29
0.44,	0.29,	1.55,	2.25,	2.37
0.41,	0.31,	1.6,	2.28,	2.43
0.44,	0.3,	1.62,	2.27,	2.47
0.42,	0.31,	1.67,	2.23,	2.48
0.4,	0.33,	1.7,	2.16,	2.47
0.3,	0.37,	1.68,	2.06,	2.44
0.17,	0.4,	1.61,	1.96,	2.39
0.15,	0.38,	1.55,	1.85,	2.32
0.14,	0.37,	1.45,	1.74,	2.25
0.11,	0.33,	1.31,	1.65,	2.18
0.09,	0.31,	1.15,	1.57,	2.12
0.05,	0.29,	0.99,	1.51,	2.07
0.03,	0.26,	0.82,	1.48,	2.04
0.02,	0.22,	0.68,	1.49,	2.02
0.01,	0.19,	0.6,	1.53,	2.0
0.02,	0.15,	0.53,	1.6,	2.0
0.02,	0.16,	0.5,	1.7,	1.99
0.03,	0.14,	0.52,	1.83,	1.99
0.03,	0.13,	0.56,	1.97,	1.98
0.05,	0.1,	0.63,	2.12,	1.96
0.08,	0.08,	0.7,	2.28,	1.96
0.1,	0.08,	0.79,	2.43,	1.96
0.14,	0.08,	0.9,	2.56,	1.97
0.26,	0.1,	0.98,	2.68,	1.99
0.22,	0.09,	1.12,	2.77,	2.03
0.24,	0.1,	1.24,	2.83,	2.08
0.26,	0.1,	1.38,	2.86,	2.15
0.28,	0.1,	1.53,	2.86,	2.23
0.28,	0.1,	1.66,	2.84,	2.32
0.26,	0.11,	1.81,	2.79,	2.41
0.27,	0.12,	1.96,	2.71,	2.49
0.3,	0.11,	2.05,	2.61,	2.55
0.31,	0.12,	2.08,	2.5,	2.6
0.4,	0.1,	2.08,	2.37,	2.62
0.46,	0.1,	2.07,	2.24,	2.62
0.48,	0.1,	1.99,	2.11,	2.6
0.56,	0.11,	1.86,	2.0,	2.56
0.64,	0.12,	1.7,	1.89,	2.5
0.58,	0.16,	1.51,	1.82,	2.44
0.59,	0.17,	1.33,	1.76,	2.37
0.54,	0.19,	1.15,	1.73,	2.29
0.42,	0.23,	0.98,	1.74,	2.22
0.39,	0.25,	0.86,	1.77,	2.15
0.36,	0.27,	0.76,	1.82,	2.07
0.39,	0.28,	0.69,	1.87,	2.0
0.3,	0.28,	0.65,	1.93,	1.92
0.22,	0.32,	0.64,	1.97,	1.83
0.14,	0.37,	0.64,	2.0,	1.76
0.1,	0.41,	0.62,	2.01,	1.68
0.09,	0.36,	0.62,	1.99,	1.61
0.09,	0.28,	0.63,	1.96,	1.55
0.11,	0.24,	0.62,	1.91,	1.5
0.11,	0.28,	0.61,	1.84,	1.46
0.11,	0.31,	0.6,	1.76,	1.43
0.11,	0.37,	0.58,	1.67,	1.41
0.07,	0.45,	0.56,	1.59,	1.4
0.1,	0.55,	0.53,	1.5,	1.39
0.06,	0.62,	0.5,	1.42,	1.39
0.06,	0.74,	0.49,	1.35,	1.39
0.04,	0.83,	0.47,	1.29,	1.38
0.03,	0.94,	0.46,	1.24,	1.38
0.03,	1.05,	0.46,	1.21,	1.36
0.03,	1.18,	0.46,	1.17,	1.34
0.05,	1.26,	0.48,	1.15,	1.31
0.05,	1.27,	0.5,	1.13,	1.27
0.06,	1.24,	0.52,	1.12,	1.22
0.06,	1.21,	0.56,	1.1,	1.16
0.05,	1.18,	0.6,	1.08,	1.1
0.05,	1.15,	0.62,	1.06,	1.03
0.05,	1.09,	0.64,	1.03,	0.95
0.05,	0.99,	0.67,	0.99,	0.88
0.07,	0.9,	0.69,	0.96,	0.8
0.14,	0.74,	0.7,	0.92,	0.74
0.2,	0.7,	0.7,	0.89,	0.69
0.19,	0.61,	0.7,	0.87,	0.65
0.21,	0.6,	0.68,	0.86,	0.63
0.25,	0.62,	0.67,	0.86,	0.62
0.28,	0.64,	0.65,	0.88,	0.64
0.28,	0.69,	0.64,	0.91,	0.67
0.33,	0.81,	0.6,	0.95,	0.71
0.4,	0.93,	0.55,	0.99,	0.75
0.49,	1.05,	0.5,	1.04,	0.8
0.55,	1.14,	0.44,	1.08,	0.85
0.61,	1.24,	0.39,	1.12,	0.9
0.72,	1.32,	0.35,	1.15,	0.94
0.8,	1.37,	0.31,	1.16,	0.98
0.73,	1.46,	0.3,	1.17,	1.01
0.76,	1.5,	0.26,	1.17,	1.04
0.84,	1.41,	0.26,	1.17,	1.06
0.94,	1.26,	0.29,	1.17,	1.07
0.96,	1.13,	0.32,	1.18,	1.08
1.04,	0.99,	0.37,	1.19,	1.08
0.9,	0.89,	0.43,	1.21,	1.08
0.78,	0.77,	0.51,	1.24,	1.07
0.6,	0.72,	0.59,	1.27,	1.04
0.35,	0.7,	0.7,	1.32,	1.02
0.14,	0.61,	0.8,	1.38,	0.98
0.08,	0.41,	0.83,	1.46,	0.95
0.16,	0.28,	0.91,	1.54,	0.91
0.22,	0.21,	1.01,	1.63,	0.88
0.25,	0.2,	1.11,	1.72,	0.85
0.29,	0.18,	1.21,	1.82,	0.84
0.34,	0.19,	1.31,	1.91,	0.83
0.41,	0.22,	1.39,	1.98,	0.83
0.4,	0.25,	1.47,	2.03,	0.83
0.4,	0.28,	1.52,	2.07,	0.83
0.4,	0.31,	1.53,	2.08,	0.84
0.41,	0.32,	1.55,	2.06,	0.84
0.27,	0.35,	1.49,	2.01,	0.83
0.19,	0.38,	1.44,	1.94,	0.83
0.17,	0.39,	1.42,	1.84,	0.82
0.19,	0.36,	1.33,	1.74,	0.81
0.31,	0.31,	1.2,	1.62,	0.8
0.44,	0.27,	1.08,	1.49,	0.8
0.4,	0.29,	1.0,	1.36,	0.8
0.4,	0.3,	0.93,	1.25,	0.8
0.4,	0.32,	0.9,	1.16,	0.8
0.4,	0.33,	0.9,	1.08,	0.81
0.38,	0.35,	0.92,	1.04,	0.82
0.37,	0.37,	0.97,	1.02,	0.83
0.29,	0.4,	1.03,	1.03,	0.83
0.24,	0.47,	1.11,	1.07,	0.84
0.24,	0.45,	1.19,	1.13,	0.84
0.19,	0.46,	1.26,	1.21,	0.84
0.18,	0.45,	1.33,	1.29,	0.83
0.17,	0.45,	1.36,	1.38,	0.82
0.13,	0.45,	1.39,	1.45,	0.82
0.14,	0.46,	1.41,	1.5,	0.81
0.17,	0.51,	1.41,	1.54,	0.81
0.18,	0.58,	1.39,	1.56,	0.82
0.12,	0.66,	1.38,	1.56,	0.84
0.14,	0.75,	1.35,	1.57,	0.88
0.15,	0.83,	1.32,	1.6,	0.93
0.14,	0.89,	1.3,	1.66,	0.99
0.09,	0.9,	1.21,	1.76,	1.07
0.08,	0.89,	1.18,	1.9,	1.15
0.07,	0.91,	1.21,	2.09,	1.26
0.13,	1.0,	1.21,	2.29,	1.37
0.33,	1.09,	1.2,	2.51,	1.5
0.53,	0.98,	1.18,	2.72,	1.65
0.79,	0.77,	1.17,	2.9,	1.82
1.33,	0.52,	1.32,	3.05,	2.01
1.76,	0.56,	1.44,	3.13,	2.23
2.19,	0.79,	1.38,	3.15,	2.47
2.37,	0.95,	1.46,	3.11,	2.73
2.3,	0.92,	1.67,	3.02,	3.0
1.94,	0.8,	1.75,	2.87,	3.27
1.2,	0.75,	1.85,	2.71,	3.53
0.74,	0.98,	2.0,	2.52,	3.77
0.41,	1.27,	1.94,	2.32,	3.96
0.2,	1.53,	1.86,	2.15,	4.09
0.16,	1.73,	1.86,	1.97,	4.17
0.37,	1.82,	1.81,	1.84,	4.17
0.79,	1.67,	1.64,	1.73,	4.11
1.11,	1.38,	1.4,	1.63,	4.0
1.27,	1.1,	1.16,	1.59,	3.85
1.34,	1.11,	1.07,	1.52,	3.68
1.2,	1.27,	0.95,	1.49,	3.5
1.05,	1.62,	0.7,	1.48,	3.32
1.08,	1.66,	0.39,	1.44,	3.17
1.22,	1.27,	0.38,	1.44,	3.03
1.51,	0.73,	0.5,	1.43,	2.91
1.87,	0.46,	0.35,	1.4,	2.81
2.13,	0.56,	0.2,	1.39,	2.71
1.93,	0.74,	0.23,	1.34,	2.62
1.51,	0.84,	0.26,	1.31,	2.52
1.17,	1.06,	0.32,	1.27,	2.4
1.07,	1.24,	0.39,	1.23,	2.26
1.1,	1.24,	0.39,	1.22,	2.11
1.11,	1.11,	0.41,	1.23,	1.95
1.1,	1.08,	0.46,	1.26,	1.79
1.09,	1.1,	0.49,	1.33,	1.63
1.24,	1.12,	0.52,	1.42,	1.48
2.05,	1.01,	0.61,	1.54,	1.34
3.23,	0.82,	0.66,	1.68,	1.22
4.53,	0.67,	0.59,	1.81,	1.12
5.48,	0.71,	0.5,	1.93,	1.03
5.93,	0.97,	0.55,	2.03,	0.96
5.87,	1.53,	0.74,	2.1,	0.9
5.38,	1.94,	0.71,	2.13,	0.85
4.99,	1.96,	0.45,	2.12,	0.81
5.03,	1.36,	0.47,	2.06,	0.78
5.72,	0.73,	0.79,	1.98,	0.76
6.83,	0.65,	0.78,	1.87,	0.75
8.33,	1.12,	0.48,	1.74,	0.76
9.61,	1.53,	0.43,	1.61,	0.77
10.35,	1.45,	0.65,	1.48,	0.79
10.83,	1.07,	0.64,	1.38,	0.81
11.55,	0.91,	0.48,	1.28,	0.84
12.57,	1.24,	0.52,	1.25,	0.86
13.41,	1.71,	0.56,	1.21,	0.88
13.9,	1.96,	0.52,	1.21,	0.9
13.94,	1.73,	0.43,	1.25,	0.9
13.49,	1.16,	0.4,	1.26,	0.9
12.26,	0.54,	0.49,	1.34,	0.9
10.32,	0.24,	0.44,	1.38,	0.89
7.77,	0.35,	0.27,	1.42,	0.89
5.36,	0.58,	0.32,	1.47,	0.89
3.19,	0.7,	0.4,	1.51,	0.89
1.69,	0.56,	0.32,	1.55,	0.91
0.63,	0.35,	0.25,	1.6,	0.94
0.31,	0.22,	0.27,	1.64,	0.99
0.28,	0.2,	0.28,	1.71,	1.04
0.32,	0.23,	0.28,	1.8,	1.11
0.54,	0.33,	0.31,	1.9,	1.18
0.92,	0.45,	0.3,	2.01,	1.26
1.56,	0.58,	0.25,	2.16,	1.32
2.37,	0.63,	0.26,	2.3,	1.38
2.85,	0.65,	0.3,	2.45,	1.42
3.16,	0.68,	0.32,	2.6,	1.43
3.2,	0.8,	0.31,	2.71,	1.43
2.8,	1.01,	0.32,	2.83,	1.4
1.98,	1.29,	0.34,	2.89,	1.36
1.19,	1.56,	0.36,	2.92,	1.29
0.44,	1.81,	0.44,	2.94,	1.22
0.25,	1.77,	0.48,	2.88,	1.14
0.52,	1.38,	0.49,	2.83,	1.06
1.1,	0.85,	0.5,	2.73,	0.98
1.71,	0.55,	0.54,	2.61,	0.93
2.21,	0.59,	0.65,	2.48,	0.89
2.58,	0.83,	0.71,	2.32,	0.87
2.67,	0.92,	0.65,	2.17,	0.88
2.72,	0.81,	0.71,	2.0,	0.91
2.75,	0.46,	0.9,	1.84,	0.97
2.66,	0.17,	0.85,	1.69,	1.05
2.62,	0.14,	0.75,	1.55,	1.14
2.4,	0.28,	0.78,	1.43,	1.24
2.0,	0.38,	0.8,	1.32,	1.35
1.44,	0.38,	0.77,	1.24,	1.45
0.95,	0.35,	0.74,	1.15,	1.53
0.65,	0.37,	0.77,	1.1,	1.6
0.61,	0.43,	0.81,	1.04,	1.64
0.71,	0.47,	0.82,	0.98,	1.66
0.77,	0.41,	0.83,	0.94,	1.64
0.89,	0.29,	0.9,	0.88,	1.6
0.88,	0.21,	0.97,	0.84,	1.55
0.77,	0.21,	0.99,	0.79,	1.49
0.68,	0.33,	1.05,	0.77,	1.45
0.56,	0.4,	1.1,	0.78,	1.42
0.47,	0.39,	1.08,	0.82,	1.43
0.4,	0.3,	1.04,	0.91,	1.48
0.43,	0.18,	1.04,	1.04,	1.56
0.47,	0.15,	0.96,	1.22,	1.68
0.5,	0.16,	0.86,	1.42,	1.81
0.49,	0.2,	0.75,	1.65,	1.95
0.49,	0.22,	0.64,	1.86,	2.07
0.5,	0.25,	0.54,	2.06,	2.16
0.5,	0.28,	0.45,	2.21,	2.2
0.46,	0.3,	0.37,	2.3,	2.2
0.46,	0.34,	0.31,	2.34,	2.14
0.65,	0.37,	0.25,	2.31,	2.03
0.8,	0.4,	0.24,	2.23,	1.88
0.91,	0.44,	0.23,	2.11,	1.71
1.03,	0.54,	0.22,	1.97,	1.54
1.13,	0.67,	0.21,	1.82,	1.37
1.1,	0.72,	0.21,	1.68,	1.23
0.96,	0.68,	0.22,	1.56,	1.12
0.71,	0.59,	0.24,	1.46,	1.04
0.46,	0.57,	0.27,	1.4,	1.0
0.26,	0.64,	0.33,	1.37,	0.98
0.12,	0.77,	0.41,	1.35,	0.99
0.06,	0.86,	0.52,	1.36,	1.01
0.04,	0.89,	0.66,	1.38,	1.03
0.09,	0.85,	0.8,	1.42,	1.05
0.13,	0.81,	0.95,	1.46,	1.07
0.22,	0.75,	1.11,	1.51,	1.07
0.22,	0.73,	1.24,	1.58,	1.07
0.24,	0.71,	1.32,	1.67,	1.07
0.26,	0.66,	1.37,	1.77,	1.07
0.27,	0.59,	1.37,	1.87,	1.08
0.22,	0.51,	1.31,	1.96,	1.1
0.18,	0.4,	1.21,	2.06,	1.14
0.14,	0.31,	1.11,	2.12,	1.19
0.15,	0.27,	0.97,	2.15,	1.26
0.19,	0.24,	0.83,	2.15,	1.35
0.19,	0.24,	0.68,	2.11,	1.45
0.24,	0.23,	0.56,	2.02,	1.55
0.24,	0.21,	0.46,	1.91,	1.65
0.23,	0.22,	0.38,	1.78,	1.74
0.31,	0.24,	0.34,	1.64,	1.81
0.38,	0.26,	0.33,	1.51,	1.87
0.25,	0.28,	0.36,	1.4,	1.91
0.16,	0.32,	0.42,	1.33,	1.93
0.18,	0.33,	0.49,	1.32,	1.94
0.17,	0.39,	0.57,	1.36,	1.93
0.13,	0.44,	0.63,	1.47,	1.91
0.12,	0.49,	0.67,	1.63,	1.89
0.12,	0.49,	0.75,	1.84,	1.87
0.21,	0.49,	0.83,	2.09,	1.84
0.37,	0.47,	0.83,	2.35,	1.82
0.51,	0.48,	0.82,	2.62,	1.81
0.56,	0.49,	0.82,	2.87,	1.8
0.61,	0.51,	0.84,	3.08,	1.78
0.63,	0.51,	0.83,	3.24,	1.76
0.67,	0.49,	0.82,	3.35,	1.74
0.7,	0.46,	0.79,	3.4,	1.7
0.72,	0.43,	0.77,	3.39,	1.67
0.94,	0.42,	0.72,	3.33,	1.63
0.93,	0.45,	0.71,	3.23,	1.6
1.04,	0.49,	0.72,	3.12,	1.59
1.14,	0.64,	0.66,	2.98,	1.59
1.06,	0.83,	0.57,	2.86,	1.61
0.85,	0.98,	0.57,	2.76,	1.66
0.6,	1.11,	0.62,	2.65,	1.73
0.34,	1.29,	0.67,	2.58,	1.81
0.45,	1.65,	0.64,	2.49,	1.9
0.87,	2.0,	0.68,	2.41,	1.99
1.44,	2.21,	0.87,	2.34,	2.07
1.97,	2.27,	1.06,	2.22,	2.13
2.37,	2.27,	1.22,	2.11,	2.17
2.85,	2.21,	1.44,	1.98,	2.18
2.87,	2.39,	1.7,	1.83,	2.17
2.63,	2.6,	1.92,	1.68,	2.13
1.98,	2.97,	2.08,	1.54,	2.07
1.43,	3.06,	2.25,	1.41,	2.0
0.81,	2.94,	2.39,	1.31,	1.92
0.4,	2.76,	2.39,	1.23,	1.83
0.24,	2.7,	2.33,	1.17,	1.76
0.19,	2.73,	2.25,	1.14,	1.69
0.15,	2.6,	2.11,	1.14,	1.64
0.16,	2.52,	1.95,	1.15,	1.61
0.27,	2.54,	1.74,	1.18,	1.59
0.41,	2.54,	1.5,	1.24,	1.59
0.6,	2.43,	1.25,	1.33,	1.62
0.76,	2.15,	1.04,	1.47,	1.67
0.96,	1.65,	0.91,	1.67,	1.75
1.05,	1.27,	0.78,	1.95,	1.86
1.04,	1.05,	0.66,	2.32,	2.02
0.98,	0.93,	0.65,	2.77,	2.22
1.13,	0.68,	0.65,	3.28,	2.44
1.0,	0.58,	0.68,	3.83,	2.69
0.61,	0.48,	0.7,	4.39,	2.94
0.48,	0.43,	0.75,	4.93,	3.18
0.4,	0.43,	0.79,	5.39,	3.4
0.36,	0.45,	0.79,	5.76,	3.59
0.25,	0.48,	0.82,	5.99,	3.72
0.22,	0.58,	0.75,	6.08,	3.8
0.28,	0.6,	0.67,	6.02,	3.83
0.36,	0.54,	0.62,	5.83,	3.8
0.4,	0.41,	0.56,	5.53,	3.74
0.42,	0.31,	0.5,	5.14,	3.65
0.48,	0.27,	0.45,	4.71,	3.55
0.52,	0.25,	0.42,	4.28,	3.47
0.6,	0.23,	0.43,	3.88,	3.41
0.77,	0.2,	0.47,	3.55,	3.4
0.79,	0.22,	0.54,	3.32,	3.43
0.79,	0.24,	0.64,	3.19,	3.51
0.83,	0.26,	0.77,	3.15,	3.63
0.69,	0.3,	0.91,	3.21,	3.77
0.63,	0.32,	1.08,	3.33,	3.92
0.68,	0.32,	1.24,	3.48,	4.07
0.56,	0.34,	1.42,	3.63,	4.21
0.55,	0.34,	1.63,	3.74,	4.32
0.48,	0.34,	1.79,	3.8,	4.39
0.31,	0.37,	1.93,	3.79,	4.42
0.2,	0.31,	2.11,	3.71,	4.41
0.13,	0.23,	2.25,	3.54,	4.35
0.15,	0.19,	2.4,	3.31,	4.24
0.22,	0.2,	2.52,	3.03,	4.09
0.36,	0.23,	2.58,	2.72,	3.91
0.37,	0.23,	2.63,	2.41,	3.69
0.43,	0.23,	2.64,	2.13,	3.47
0.49,	0.24,	2.61,	1.9,	3.25
0.6,	0.25,	2.49,	1.74,	3.04
0.68,	0.27,	2.38,	1.65,	2.86
0.86,	0.26,	2.2,	1.64,	2.72
0.97,	0.28,	2.02,	1.69,	2.61
0.98,	0.31,	1.82,	1.79,	2.55
1.34,	0.39,	1.6,	1.9,	2.54
1.37,	0.48,	1.41,	2.01,	2.56
1.67,	0.56,	1.26,	2.09,	2.63
1.88,	0.71,	1.12,	2.14,	2.72
2.04,	0.9,	1.01,	2.13,	2.82
2.28,	1.1,	0.91,	2.08,	2.92
2.01,	1.35,	0.81,	1.98,	3.01
1.97,	1.56,	0.79,	1.84,	3.06
2.15,	1.78,	0.76,	1.7,	3.09
2.01,	1.94,	0.68,	1.56,	3.07
2.09,	2.13,	0.66,	1.47,	3.03
2.12,	2.2,	0.63,	1.43,	2.96
2.09,	2.26,	0.62,	1.46,	2.88
1.94,	2.29,	0.61,	1.57,	2.81
1.72,	2.27,	0.61,	1.76,	2.76
1.41,	2.22,	0.63,	2.0,	2.73
1.41,	1.97,	0.67,	2.28,	2.73
1.26,	1.69,	0.72,	2.58,	2.75
1.15,	1.59,	0.81,	2.85,	2.8
0.94,	1.32,	0.92,	3.09,	2.86
0.64,	1.04,	1.02,	3.25,	2.93
0.19,	0.57,	1.06,	3.35,	2.99
0.07,	0.34,	1.27,	3.37,	3.05
0.12,	0.4,	1.4,	3.31,	3.09
0.16,	0.53,	1.42,	3.21,	3.12
0.21,	0.68,	1.39,	3.07,	3.13
0.24,	0.82,	1.37,	2.92,	3.12
0.23,	0.98,	1.33,	2.79,	3.11
0.22,	1.14,	1.23,	2.7,	3.09
0.22,	1.28,	1.09,	2.65,	3.08
0.22,	1.39,	0.96,	2.64,	3.07
0.22,	1.48,	0.84,	2.69,	3.08
0.25,	1.51,	0.72,	2.76,	3.08
0.2,	1.51,	0.62,	2.86,	3.09
0.17,	1.45,	0.54,	2.95,	3.09
0.15,	1.34,	0.47,	3.03,	3.07
0.12,	1.34,	0.38,	3.07,	3.03
0.08,	1.14,	0.37,	3.09,	2.95
0.07,	0.93,	0.34,	3.06,	2.84
0.06,	0.68,	0.29,	2.99,	2.7
0.15,	0.37,	0.3,	2.89,	2.53
0.17,	0.28,	0.31,	2.76,	2.33
0.16,	0.22,	0.33,	2.61,	2.13
0.14,	0.19,	0.38,	2.45,	1.91
0.24,	0.1,	0.49,	2.3,	1.71
0.22,	0.09,	0.61,	2.17,	1.51
0.18,	0.07,	0.78,	2.07,	1.33
0.16,	0.07,	0.98,	2.0,	1.18
0.15,	0.07,	1.21,	1.97,	1.05
0.17,	0.08,	1.44,	1.96,	0.94
0.11,	0.12,	1.67,	1.97,	0.87
0.15,	0.11,	1.86,	1.99,	0.83
0.25,	0.11,	2.03,	2.0,	0.8
0.32,	0.11,	2.14,	2.01,	0.8
0.45,	0.11,	2.19,	2.0,	0.81
0.57,	0.15,	2.16,	1.97,	0.84
0.56,	0.23,	2.09,	1.91,	0.87
0.59,	0.31,	2.0,	1.83,	0.91
0.66,	0.43,	1.91,	1.74,	0.95
0.69,	0.57,	1.85,	1.64,	1.01
0.74,	0.73,	1.87,	1.54,	1.06
0.89,	0.89,	2.0,	1.45,	1.12
1.05,	1.03,	2.28,	1.38,	1.18
1.27,	1.14,	2.75,	1.33,	1.24
1.32,	1.24,	3.33,	1.29,	1.31
1.32,	1.37,	3.96,	1.27,	1.37
1.23,	1.57,	4.83,	1.25,	1.43
1.11,	1.5,	5.72,	1.25,	1.49
0.82,	1.27,	6.45,	1.24,	1.54
0.37,	0.87,	6.8,	1.24,	1.58
0.22,	0.73,	7.29,	1.23,	1.62
0.08,	0.75,	7.7,	1.22,	1.65
0.03,	0.84,	7.66,	1.22,	1.66
0.06,	0.84,	7.24,	1.22,	1.67
0.1,	0.74,	6.73,	1.25,	1.68
0.15,	0.65,	6.11,	1.28,	1.69
0.32,	0.61,	5.39,	1.34,	1.72
0.5,	0.7,	4.44,	1.41,	1.77
0.52,	0.74,	3.54,	1.49,	1.85
0.44,	0.74,	2.83,	1.59,	1.96
0.34,	0.74,	2.25,	1.68,	2.11
0.35,	0.82,	1.77,	1.78,	2.28
0.62,	0.96,	1.31,	1.89,	2.46
0.91,	0.85,	1.19,	1.96,	2.64
0.82,	0.69,	1.17,	2.03,	2.8
0.79,	0.46,	1.18,	2.07,	2.92
0.75,	0.42,	1.23,	2.09,	2.99
0.69,	0.41,	1.27,	2.09,	2.99
0.8,	0.34,	1.31,	2.08,	2.93
0.79,	0.35,	1.28,	2.04,	2.8
0.73,	0.36,	1.21,	1.99,	2.6
0.65,	0.37,	1.11,	1.94,	2.37
0.7,	0.35,	1.01,	1.91,	2.12
0.65,	0.36,	0.89,	1.91,	1.87
0.62,	0.51,	0.77,	1.92,	1.64
0.67,	0.72,	0.6,	1.96,	1.45
0.85,	0.78,	0.51,	2.04,	1.32
1.22,	0.63,	0.53,	2.12,	1.24
1.61,	0.36,	0.47,	2.23,	1.21
2.37,	0.18,	0.43,	2.32,	1.23
2.98,	0.27,	0.5,	2.4,	1.29
3.06,	0.47,	0.57,	2.46,	1.35
3.05,	0.77,	0.63,	2.49,	1.41
2.99,	1.1,	0.74,	2.48,	1.46
2.79,	1.3,	0.82,	2.46,	1.5
2.56,	1.41,	0.81,	2.38,	1.51
2.27,	1.44,	0.91,	2.31,	1.51
1.96,	1.43,	1.07,	2.22,	1.51
1.51,	1.37,	1.0,	2.12,	1.5
1.01,	1.39,	0.91,	2.06,	1.51
0.59,	1.54,	0.95,	2.0,	1.53
0.33,	1.75,	0.99,	1.99,	1.57
0.23,	1.81,	0.96,	2.0,	1.63
0.3,	1.64,	0.93,	2.04,	1.7
0.41,	1.29,	0.92,	2.1,	1.78
0.51,	0.93,	0.96,	2.17,	1.86
0.55,	0.74,	1.03,	2.24,	1.93
0.49,	0.7,	1.05,	2.28,	1.99
0.46,	0.6,	1.1,	2.3,	2.02
0.42,	0.5,	1.13,	2.29,	2.03
0.38,	0.42,	1.15,	2.23,	2.03
0.24,	0.33,	1.15,	2.14,	2.0
0.25,	0.29,	1.09,	2.01,	1.97
0.24,	0.31,	1.03,	1.85,	1.94
0.18,	0.33,	0.93,	1.68,	1.91
0.13,	0.32,	0.79,	1.51,	1.9
0.16,	0.33,	0.68,	1.37,	1.89
0.23,	0.36,	0.6,	1.24,	1.9
0.42,	0.41,	0.53,	1.17,	1.92
0.63,	0.42,	0.41,	1.14,	1.95
0.96,	0.37,	0.3,	1.17,	1.97
1.09,	0.28,	0.28,	1.24,	1.99
1.23,	0.19,	0.28,	1.35,	2.0
1.29,	0.2,	0.2,	1.47,	1.99
1.19,	0.3,	0.19,	1.59,	1.98
1.01,	0.29,	0.19,	1.69,	1.95
0.67,	0.28,	0.21,	1.76,	1.91
0.34,	0.21,	0.28,	1.8,	1.86
0.22,	0.14,	0.28,	1.78,	1.81
0.2,	0.07,	0.27,	1.73,	1.76
0.25,	0.05,	0.31,	1.65,	1.7
0.27,	0.06,	0.34,	1.55,	1.66
0.27,	0.07,	0.37,	1.44,	1.62
0.25,	0.09,	0.38,	1.35,	1.58
0.22,	0.11,	0.37,	1.27,	1.56
0.21,	0.14,	0.38,	1.22,	1.55
0.2,	0.2,	0.4,	1.22,	1.55
0.26,	0.27,	0.37,	1.26,	1.57
0.41,	0.33,	0.33,	1.34,	1.6
0.54,	0.37,	0.31,	1.48,	1.64
0.68,	0.39,	0.33,	1.67,	1.69
0.9,	0.42,	0.37,	1.9,	1.75
1.09,	0.44,	0.37,	2.17,	1.81
1.08,	0.42,	0.39,	2.47,	1.86
0.98,	0.42,	0.45,	2.77,	1.9
0.77,	0.48,	0.51,	3.08,	1.93
0.44,	0.68,	0.6,	3.35,	1.95
0.2,	0.92,	0.66,	3.57,	1.95
0.09,	1.01,	0.68,	3.73,	1.93
0.06,	1.03,	0.72,	3.8,	1.9
0.09,	1.11,	0.81,	3.8,	1.86
0.16,	1.26,	0.9,	3.71,	1.82
0.19,	1.47,	0.95,	3.55,	1.79
0.18,	1.66,	1.03,	3.34,	1.76
0.16,	1.83,	1.1,	3.1,	1.76
0.16,	1.95,	1.16,	2.86,	1.78
0.13,	2.07,	1.25,	2.64,	1.81
0.14,	2.15,	1.31,	2.47,	1.86
0.2,	2.12,	1.31,	2.36,	1.92
0.29,	2.19,	1.32,	2.32,	1.98
0.41,	2.22,	1.3,	2.34,	2.04
0.52,	2.27,	1.26,	2.41,	2.08
0.72,	2.3,	1.23,	2.51,	2.09
0.96,	2.44,	1.16,	2.63,	2.09
1.2,	2.7,	1.05,	2.75,	2.06
1.22,	2.81,	0.98,	2.86,	2.01
1.21,	3.0,	0.9,	2.97,	1.95
1.42,	3.23,	0.86,	3.06,	1.88
1.08,	3.28,	0.89,	3.14,	1.81
0.78,	3.44,	0.94,	3.22,	1.75
0.73,	3.44,	1.02,	3.31,	1.71
0.81,	3.28,	1.15,	3.38,	1.69
0.79,	3.24,	1.26,	3.46,	1.69
0.68,	3.18,	1.4,	3.53,	1.71
0.55,	2.96,	1.52,	3.57,	1.75
0.25,	2.65,	1.64,	3.59,	1.8
0.05,	2.08,	1.69,	3.54,	1.85
0.03,	1.5,	1.73,	3.47,	1.9
0.09,	1.23,	1.76,	3.34,	1.94
0.16,	1.08,	1.73,	3.15,	1.97
0.14,	0.91,	1.67,	2.94,	1.98
0.16,	0.81,	1.57,	2.69,	1.97
0.23,	0.68,	1.44,	2.44,	1.94
0.37,	0.5,	1.3,	2.2,	1.89
0.55,	0.38,	1.15,	1.97,	1.82
0.64,	0.42,	0.99,	1.78,	1.74
0.65,	0.54,	0.89,	1.63,	1.65
0.6,	0.64,	0.8,	1.54,	1.55
0.42,	0.76,	0.72,	1.51,	1.46
0.13,	0.89,	0.63,	1.55,	1.38
0.05,	0.99,	0.61,	1.66,	1.3
0.05,	1.06,	0.6,	1.82,	1.25
0.13,	1.07,	0.55,	2.04,	1.21
0.25,	0.98,	0.48,	2.29,	1.18
0.19,	0.98,	0.45,	2.56,	1.17
0.17,	0.92,	0.42,	2.82,	1.16
0.15,	0.88,	0.38,	3.06,	1.15
0.12,	0.8,	0.34,	3.24,	1.14
0.14,	0.65,	0.32,	3.35,	1.13
0.09,	0.51,	0.29,	3.39,	1.11
0.1,	0.41,	0.3,	3.35,	1.09
0.13,	0.34,	0.33,	3.24,	1.06
0.16,	0.29,	0.36,	3.09,	1.03
0.13,	0.21,	0.42,	2.9,	0.99
0.04,	0.21,	0.5,	2.71,	0.96
0.02,	0.23,	0.61,	2.52,	0.95
0.03,	0.23,	0.71,	2.36,	0.96
0.05,	0.2,	0.82,	2.23,	1.0
0.2,	0.15,	0.98,	2.13,	1.08
0.47,	0.16,	1.06,	2.07,	1.2
0.75,	0.23,	1.08,	2.02,	1.35
0.96,	0.29,	1.14,	2.0,	1.52
1.11,	0.36,	1.21,	1.98,	1.7
1.21,	0.48,	1.19,	1.95,	1.89
1.22,	0.62,	1.19,	1.93,	2.05
1.19,	0.77,	1.22,	1.91,	2.2
1.08,	0.77,	1.14,	1.88,	2.3
1.0,	0.67,	1.09,	1.87,	2.37
0.97,	0.62,	1.08,	1.85,	2.39
1.13,	0.79,	1.01,	1.85,	2.36
1.45,	1.1,	0.93,	1.86,	2.31
1.81,	1.29,	0.87,	1.87,	2.22
2.22,	1.25,	0.77,	1.89,	2.11
2.77,	0.98,	0.73,	1.88,	1.99
3.03,	0.74,	0.69,	1.87,	1.87
3.1,	0.67,	0.58,	1.82,	1.77
3.01,	0.91,	0.5,	1.76,	1.67
2.6,	1.14,	0.48,	1.66,	1.61
2.05,	1.22,	0.49,	1.55,	1.56
1.39,	1.06,	0.43,	1.44,	1.55
0.93,	0.75,	0.4,	1.29,	1.57
0.64,	0.52,	0.45,	1.19,	1.63
0.48,	0.47,	0.47,	1.08,	1.72
0.38,	0.55,	0.5,	0.98,	1.84
0.34,	0.56,	0.58,	0.92,	1.99
0.31,	0.5,	0.68,	0.86,	2.17
0.34,	0.46,	0.79,	0.82,	2.37
0.26,	0.36,	0.95,	0.8,	2.57
0.4,	0.35,	1.1,	0.78,	2.76
0.58,	0.27,	1.3,	0.76,	2.92
0.74,	0.18,	1.47,	0.75,	3.06
1.11,	0.1,	1.59,	0.75,	3.15
1.31,	0.16,	1.77,	0.73,	3.19
1.26,	0.23,	1.96,	0.73,	3.2
1.12,	0.33,	2.09,	0.74,	3.16
0.88,	0.32,	2.08,	0.74,	3.08
0.66,	0.27,	2.16,	0.78,	2.99
0.72,	0.29,	2.32,	0.8,	2.87
0.96,	0.36,	2.21,	0.85,	2.75
1.42,	0.47,	2.0,	0.93,	2.64
2.03,	0.58,	1.93,	0.99,	2.53
2.4,	0.58,	1.88,	1.07,	2.45
2.69,	0.5,	1.73,	1.14,	2.39
2.71,	0.41,	1.45,	1.22,	2.34
2.4,	0.45,	1.29,	1.28,	2.32
1.97,	0.61,	1.31,	1.31,	2.32
1.41,	0.81,	1.19,	1.35,	2.33
0.82,	1.06,	0.89,	1.36,	2.35
0.54,	1.15,	0.83,	1.36,	2.37
0.5,	1.03,	0.86,	1.35,	2.4
0.56,	0.86,	0.78,	1.32,	2.43
0.69,	0.76,	0.6,	1.3,	2.46
0.81,	0.8,	0.52,	1.25,	2.51
0.85,	0.89,	0.48,	1.21,	2.57
0.83,	0.98,	0.43,	1.17,	2.67
0.65,	1.07,	0.35,	1.13,	2.81
0.56,	1.06,	0.3,	1.09,	2.99
0.52,	1.04,	0.29,	1.06,	3.22
0.54,	1.05,	0.28,	1.04,	3.48
0.57,	1.08,	0.27,	1.05,	3.78
0.64,	1.11,	0.28,	1.08,	4.07
0.43,	1.06,	0.3,	1.14,	4.35
0.37,	1.08,	0.32,	1.24,	4.57
0.34,	1.09,	0.37,	1.39,	4.73
0.35,	1.04,	0.41,	1.57,	4.79
0.33,	1.02,	0.45,	1.78,	4.75
0.35,	0.95,	0.48,	2.02,	4.6
0.36,	0.91,	0.52,	2.27,	4.36
0.23,	0.94,	0.52,	2.53,	4.03
0.13,	0.91,	0.54,	2.77,	3.64
0.1,	0.84,	0.53,	2.97,	3.21
0.09,	0.82,	0.5,	3.14,	2.78
0.1,	0.79,	0.45,	3.25,	2.38
0.1,	0.77,	0.39,	3.31,	2.01
0.2,	0.72,	0.33,	3.31,	1.69
0.28,	0.73,	0.28,	3.26,	1.43
0.36,	0.75,	0.25,	3.16,	1.24
0.43,	0.82,	0.21,	3.02,	1.1
0.42,	0.87,	0.18,	2.85,	1.01
0.43,	0.94,	0.16,	2.67,	0.95
0.47,	1.02,	0.13,	2.48,	0.93
0.49,	1.08,	0.12,	2.29,	0.93
0.31,	1.14,	0.11,	2.1,	0.96
0.34,	1.17,	0.11,	1.93,	0.99
0.45,	1.14,	0.11,	1.78,	1.05
0.45,	1.17,	0.12,	1.64,	1.11
0.44,	1.22,	0.15,	1.52,	1.18
0.42,	1.2,	0.16,	1.43,	1.26
0.28,	1.14,	0.18,	1.35,	1.34
0.17,	0.98,	0.23,	1.3,	1.43
0.08,	0.77,	0.27,	1.26,	1.52
0.04,	0.63,	0.3,	1.23,	1.62
0.08,	0.64,	0.36,	1.21,	1.73
0.12,	0.61,	0.44,	1.21,	1.84
0.2,	0.56,	0.53,	1.22,	1.96
0.33,	0.44,	0.62,	1.25,	2.07
0.56,	0.28,	0.74,	1.29,	2.19
0.86,	0.21,	0.89,	1.34,	2.3
1.13,	0.24,	1.03,	1.38,	2.41
1.2,	0.24,	1.14,	1.43,	2.51
1.24,	0.23,	1.21,	1.47,	2.59
1.1,	0.14,	1.32,	1.5,	2.66
0.87,	0.07,	1.44,	1.52,	2.71
0.52,	0.09,	1.4,	1.51,	2.75
0.27,	0.2,	1.31,	1.52,	2.77
0.17,	0.32,	1.31,	1.51,	2.78
0.16,	0.43,	1.25,	1.51,	2.78
0.2,	0.56,	1.13,	1.53,	2.77
0.39,	0.71,	0.99,	1.57,	2.75
0.38,	0.9,	0.88,	1.63,	2.73
0.35,	1.1,	0.77,	1.72,	2.7
0.31,	1.3,	0.67,	1.83,	2.67
0.25,	1.49,	0.58,	1.96,	2.63
0.2,	1.64,	0.51,	2.1,	2.58
0.21,	1.74,	0.44,	2.24,	2.52
0.21,	1.82,	0.41,	2.36,	2.45
0.25,	1.87,	0.37,	2.46,	2.37
0.35,	1.82,	0.36,	2.53,	2.27
0.31,	1.81,	0.35,	2.57,	2.17
0.33,	1.73,	0.33,	2.57,	2.06
0.36,	1.65,	0.32,	2.56,	1.94
0.57,	1.39,	0.36,	2.53,	1.83
1.21,	1.01,	0.34,	2.48,	1.73
2.26,	0.8,	0.33,	2.43,	1.64
3.32,	0.91,	0.42,	2.39,	1.58
3.91,	1.07,	0.48,	2.35,	1.56
4.41,	1.17,	0.56,	2.34,	1.57
4.71,	1.06,	0.69,	2.33,	1.62
4.54,	0.82,	0.75,	2.34,	1.71
4.07,	0.82,	0.95,	2.36,	1.83
3.42,	1.22,	1.29,	2.37,	1.97
2.73,	1.49,	1.36,	2.4,	2.12
1.99,	1.44,	1.29,	2.42,	2.25
1.5,	1.04,	1.48,	2.42,	2.36
1.26,	0.64,	1.68,	2.44,	2.43
1.29,	0.63,	1.66,	2.4,	2.46
1.52,	0.86,	1.71,	2.38,	2.44
1.63,	0.92,	1.8,	2.33,	2.38
1.62,	0.75,	1.83,	2.27,	2.28
1.47,	0.46,	1.92,	2.21,	2.15
1.22,	0.32,	2.08,	2.13,	2.02
0.93,	0.46,	2.21,	2.04,	1.89
0.67,	0.6,	2.39,	1.96,	1.78
0.43,	0.58,	2.49,	1.89,	1.71
0.23,	0.43,	2.52,	1.82,	1.68
0.22,	0.36,	2.74,	1.79,	1.69
0.36,	0.42,	2.94,	1.78,	1.75
0.55,	0.55,	2.83,	1.79,	1.85
0.71,	0.62,	2.76,	1.84,	1.98
0.75,	0.65,	2.71,	1.91,	2.13
0.69,	0.67,	2.59,	1.99,	2.28
0.52,	0.64,	2.41,	2.07,	2.42
0.4,	0.69,	2.19,	2.13,	2.55
0.45,	0.68,	1.99,	2.17,	2.65
0.43,	0.66,	1.76,	2.19,	2.72
0.44,	0.63,	1.56,	2.18,	2.74
0.43,	0.61,	1.41,	2.13,	2.73
0.37,	0.57,	1.24,	2.05,	2.68
0.45,	0.68,	0.99,	1.94,	2.59
0.66,	0.64,	0.91,	1.82,	2.48
0.91,	0.44,	0.9,	1.68,	2.35
1.29,	0.22,	0.82,	1.57,	2.21
1.91,	0.17,	0.68,	1.47,	2.08
2.36,	0.25,	0.64,	1.4,	1.96
2.48,	0.26,	0.67,	1.37,	1.86
2.35,	0.23,	0.75,	1.38,	1.8
2.03,	0.14,	0.77,	1.42,	1.76
1.4,	0.09,	0.87,	1.48,	1.76
0.96,	0.12,	1.09,	1.58,	1.78
0.61,	0.17,	1.25,	1.68,	1.82
0.28,	0.21,	1.38,	1.78,	1.86
0.18,	0.2,	1.55,	1.88,	1.91
0.2,	0.14,	1.66,	1.97,	1.95
0.28,	0.11,	1.76,	2.04,	1.97
0.41,	0.12,	1.81,	2.08,	1.98
0.47,	0.15,	1.78,	2.11,	1.96
0.5,	0.18,	1.71,	2.1,	1.94
0.56,	0.22,	1.61,	2.07,	1.91
0.62,	0.26,	1.46,	2.01,	1.88
0.75,	0.34,	1.26,	1.94,	1.87
0.79,	0.34,	1.09,	1.84,	1.89
0.72,	0.28,	0.89,	1.74,	1.95
0.59,	0.22,	0.77,	1.63,	2.05
0.44,	0.24,	0.71,	1.53,	2.2
0.3,	0.29,	0.56,	1.43,	2.39
0.18,	0.41,	0.42,	1.34,	2.61
0.17,	0.4,	0.43,	1.27,	2.86
0.18,	0.34,	0.45,	1.22,	3.12
0.25,	0.23,	0.4,	1.19,	3.37
0.35,	0.18,	0.38,	1.18,	3.6
0.35,	0.2,	0.39,	1.17,	3.79
0.29,	0.26,	0.39,	1.18,	3.92
0.23,	0.31,	0.38,	1.17,	3.99
0.17,	0.36,	0.34,	1.17,	4.0
0.11,	0.39,	0.31,	1.17,	3.94
0.05,	0.42,	0.3,	1.16,	3.83
0.05,	0.45,	0.27,	1.17,	3.66
0.09,	0.47,	0.25,	1.2,	3.47
0.11,	0.46,	0.22,	1.27,	3.26
0.12,	0.46,	0.21,	1.4,	3.06
0.16,	0.43,	0.19,	1.58,	2.89
0.22,	0.37,	0.18,	1.82,	2.75
0.23,	0.31,	0.18,	2.12,	2.66
0.27,	0.24,	0.18,	2.45,	2.62
0.34,	0.17,	0.17,	2.79,	2.64
0.37,	0.12,	0.17,	3.13,	2.7
0.39,	0.08,	0.17,	3.43,	2.8
0.49,	0.06,	0.18,	3.68,	2.93
0.45,	0.06,	0.19,	3.85,	3.06
0.42,	0.09,	0.22,	3.93,	3.19
0.38,	0.12,	0.26,	3.92,	3.29
0.4,	0.19,	0.32,	3.82,	3.36
0.41,	0.29,	0.39,	3.65,	3.37
0.35,	0.42,	0.49,	3.41,	3.34
0.28,	0.54,	0.56,	3.13,	3.27
0.22,	0.67,	0.65,	2.85,	3.16
0.16,	0.79,	0.76,	2.57,	3.02
0.14,	0.91,	0.86,	2.33,	2.87
0.11,	1.02,	0.91,	2.14,	2.71
0.12,	1.11,	0.96,	2.02,	2.56
0.14,	1.18,	1.02,	1.94,	2.43
0.23,	1.25,	1.09,	1.92,	2.32
0.3,	1.23,	1.14,	1.94,	2.24
0.55,	1.07,	1.14,	1.98,	2.18
0.66,	0.97,	1.19,	2.03,	2.14
0.79,	0.79,	1.27,	2.07,	2.13
0.81,	0.77,	1.39,	2.11,	2.13
0.63,	0.88,	1.42,	2.1,	2.14
0.4,	0.9,	1.38,	2.08,	2.16
0.22,	0.68,	1.45,	2.01,	2.19
0.23,	0.42,	1.67,	1.92,	2.2
0.63,	0.39,	1.61,	1.82,	2.21
1.63,	0.64,	1.36,	1.7,	2.21
2.23,	0.74,	1.31,	1.62,	2.2
2.76,	0.71,	1.28,	1.54,	2.17
3.29,	0.64,	1.18,	1.52,	2.13
3.52,	0.73,	1.01,	1.54,	2.08
3.44,	1.06,	0.85,	1.58,	2.01
3.0,	1.43,	0.8,	1.68,	1.92
2.29,	1.64,	0.85,	1.78,	1.82
1.54,	1.54,	0.73,	1.9,	1.71
0.94,	1.36,	0.55,	2.0,	1.59
0.83,	1.44,	0.59,	2.06,	1.46
0.93,	1.72,	0.69,	2.1,	1.32
1.13,	1.95,	0.69,	2.06,	1.19
1.45,	1.85,	0.6,	2.0,	1.05
1.46,	1.43,	0.55,	1.87,	0.92
1.52,	1.02,	0.58,	1.71,	0.8
1.6,	0.96,	0.6,	1.52,	0.69
1.88,	1.24,	0.56,	1.31,	0.59
1.92,	1.3,	0.45,	1.11,	0.52
2.01,	1.13,	0.37,	0.91,	0.46
2.07,	0.78,	0.38,	0.73,	0.43
2.12,	0.45,	0.42,	0.59,	0.42
2.02,	0.31,	0.4,	0.49,	0.43
1.81,	0.34,	0.42,	0.43,	0.46
1.97,	0.38,	0.5,	0.42,	0.51
2.81,	0.44,	0.58,	0.46,	0.55
4.23,	0.57,	0.71,	0.53,	0.61
5.14,	0.85,	0.89,	0.66,	0.65
6.84,	1.41,	1.21,	0.79,	0.69
8.01,	2.27,	1.42,	0.95,	0.71
8.67,	3.33,	1.44,	1.11,	0.72
8.69,	4.47,	1.74,	1.25,	0.72
8.02,	5.38,	2.24,	1.38,	0.7
7.04,	5.97,	2.37,	1.44,	0.66
6.31,	6.13,	2.24,	1.49,	0.62
6.61,	6.24,	2.4,	1.46,	0.56
8.94,	7.03,	2.68,	1.4,	0.5
14.11,	8.88,	2.55,	1.31,	0.44
22.33,	11.2,	2.25,	1.14,	0.38
32.99,	12.61,	2.26,	1.0,	0.33
44.44,	11.82,	2.33,	0.84,	0.31
53.69,	8.93,	2.04,	0.67,	0.3
58.83,	5.59,	1.59,	0.6,	0.34
58.37,	4.01,	1.41,	0.49,	0.4
51.91,	4.65,	1.51,	0.48,	0.5
42.04,	5.9,	1.43,	0.52,	0.63
30.27,	6.53,	1.02,	0.58,	0.77
19.77,	5.79,	0.91,	0.72,	0.93
13.44,	4.23,	1.18,	0.84,	1.07
11.25,	3.28,	1.25,	0.97,	1.2
11.05,	3.06,	1.3,	1.1,	1.3
9.93,	3.14,	1.44,	1.21,	1.36
8.02,	3.52,	1.23,	1.28,	1.39
9.13,	4.91,	1.31,	1.32,	1.38
15.8,	7.1,	1.79,	1.35,	1.35
29.26,	9.02,	1.77,	1.34,	1.31
48.96,	9.28,	1.26,	1.31,	1.29
72.17,	7.41,	1.14,	1.3,	1.28
94.66,	4.53,	1.42,	1.28,	1.31
111.6,	2.48,	1.5,	1.3,	1.39
119.12,	2.55,	1.18,	1.38,	1.51
115.0,	4.64,	0.84,	1.47,	1.67
100.14,	7.51,	1.04,	1.65,	1.86
77.41,	9.56,	1.49,	1.9,	2.07
51.52,	9.71,	1.47,	2.16,	2.28
28.41,	7.78,	1.27,	2.49,	2.47
13.85,	4.85,	1.34,	2.84,	2.63
7.38,	2.86,	1.53,	3.19,	2.76
5.01,	2.14,	1.69,	3.53,	2.85
5.02,	2.13,	1.92,	3.83,	2.91
5.44,	1.93,	2.2,	4.1,	2.95
5.94,	1.71,	2.2,	4.3,	2.97
6.39,	1.95,	2.22,	4.42,	2.98
7.06,	2.73,	2.35,	4.52,	2.98
8.4,	3.71,	2.16,	4.5,	2.98
10.62,	4.22,	2.21,	4.42,	2.98
13.75,	3.78,	2.45,	4.36,	2.98
17.4,	2.5,	2.0,	4.12,	2.98
20.39,	1.33,	1.76,	3.94,	2.96
21.81,	1.09,	2.01,	3.74,	2.93
20.69,	1.8,	1.87,	3.42,	2.89
17.56,	2.68,	1.91,	3.23,	2.83
13.29,	2.87,	1.9,	2.96,	2.75
8.74,	2.5,	1.54,	2.7,	2.65
4.02,	2.24,	1.75,	2.54,	2.55
1.44,	2.59,	2.2,	2.3,	2.43
0.57,	2.97,	1.93,	2.14,	2.31
0.61,	2.99,	1.69,	2.02,	2.19
0.93,	2.81,	1.69,	1.91,	2.08
1.19,	2.67,	1.66,	1.84,	1.98
1.92,	2.47,	1.61,	1.8,	1.89
2.58,	2.47,	1.5,	1.79,	1.81
3.08,	2.39,	1.41,	1.8,	1.73
3.93,	2.37,	1.34,	1.81,	1.67
4.68,	2.17,	1.24,	1.82,	1.61
6.18,	1.77,	1.13,	1.81,	1.55
7.41,	1.26,	1.08,	1.82,	1.49
8.1,	1.0,	1.03,	1.79,	1.43
8.35,	0.9,	0.95,	1.76,	1.37
8.45,	0.92,	0.86,	1.73,	1.31
8.26,	1.02,	0.8,	1.69,	1.26
8.72,	1.0,	0.74,	1.67,	1.2
8.85,	1.04,	0.69,	1.66,	1.15
9.24,	1.1,	0.63,	1.66,	1.1
9.28,	1.28,	0.59,	1.67,	1.07
8.1,	1.59,	0.49,	1.7,	1.05
5.86,	2.0,	0.57,	1.75,	1.05
4.33,	2.34,	0.66,	1.78,	1.07
3.18,	2.71,	0.64,	1.85,	1.11
3.23,	2.8,	0.56,	1.89,	1.16
3.68,	2.61,	0.58,	1.94,	1.22
3.61,	2.47,	0.68,	1.98,	1.29
3.83,	2.2,	0.82,	2.0,	1.37
3.6,	2.05,	0.94,	2.02,	1.44
3.79,	1.98,	1.08,	2.03,	1.5
3.72,	1.92,	1.25,	2.04,	1.55
3.95,	2.02,	1.45,	2.01,	1.59
4.71,	2.12,	1.7,	2.01,	1.6
5.84,	1.81,	1.65,	1.97,	1.59
7.02,	1.38,	1.5,	1.91,	1.56
7.65,	1.26,	1.61,	1.88,	1.51
7.77,	1.44,	1.66,	1.81,	1.45
7.62,	1.71,	1.53,	1.75,	1.38
7.1,	1.95,	1.37,	1.69,	1.31
7.27,	2.09,	1.25,	1.63,	1.25
6.95,	2.2,	1.17,	1.59,	1.19
6.67,	2.25,	1.12,	1.54,	1.15
6.63,	2.13,	1.14,	1.51,	1.12
6.1,	2.08,	1.25,	1.49,	1.11
4.83,	2.26,	1.33,	1.49,	1.12
2.76,	2.53,	1.42,	1.46,	1.13
1.47,	2.01,	1.75,	1.44,	1.15
0.65,	1.14,	2.08,	1.42,	1.16
0.48,	0.42,	2.28,	1.37,	1.17
1.02,	0.24,	2.52,	1.31,	1.17
1.39,	0.24,	2.72,	1.25,	1.16
1.36,	0.21,	2.81,	1.18,	1.14
1.39,	0.17,	2.79,	1.13,	1.12
1.5,	0.13,	2.72,	1.11,	1.1
1.42,	0.14,	2.5,	1.12,	1.07
1.1,	0.27,	2.16,	1.2,	1.06
0.75,	0.4,	1.87,	1.33,	1.07
0.4,	0.46,	1.57,	1.51,	1.08
0.12,	0.48,	1.37,	1.75,	1.12
0.06,	0.55,	1.18,	2.02,	1.18
0.18,	0.65,	0.91,	2.3,	1.25
0.46,	0.79,	0.79,	2.56,	1.33
0.48,	0.9,	0.79,	2.78,	1.42
0.5,	1.0,	0.81,	2.94,	1.5
0.57,	1.02,	0.8,	3.03,	1.56
0.57,	1.07,	0.86,	3.04,	1.62
0.5,	1.12,	0.96,	2.96,	1.65
0.37,	1.22,	1.07,	2.84,	1.66
0.31,	1.25,	1.12,	2.66,	1.64
0.33,	1.06,	1.12,	2.46,	1.61
0.34,	0.76,	1.15,	2.26,	1.57
0.4,	0.53,	1.21,	2.08,	1.52
0.47,	0.41,	1.26,	1.94,	1.46
0.6,	0.38,	1.25,	1.83,	1.41
0.83,	0.32,	1.25,	1.76,	1.36
1.14,	0.25,	1.25,	1.73,	1.33
1.54,	0.25,	1.27,	1.72,	1.32
2.15,	0.25,	1.2,	1.74,	1.31
3.02,	0.29,	1.1,	1.77,	1.33
3.51,	0.36,	1.04,	1.8,	1.36
3.48,	0.46,	0.98,	1.84,	1.4
3.71,	0.54,	0.91,	1.89,	1.44
3.82,	0.6,	0.83,	1.96,	1.5
3.61,	0.65,	0.74,	2.04,	1.56
3.39,	0.69,	0.69,	2.14,	1.61
3.29,	0.71,	0.62,	2.24,	1.66
3.02,	0.74,	0.56,	2.35,	1.69
2.78,	0.74,	0.52,	2.45,	1.72
2.95,	0.72,	0.5,	2.52,	1.73
2.92,	0.84,	0.51,	2.56,	1.74
2.53,	0.94,	0.54,	2.57,	1.73
1.89,	0.86,	0.58,	2.52,	1.71
0.94,	0.66,	0.59,	2.44,	1.7
0.32,	0.57,	0.68,	2.31,	1.68
0.13,	0.69,	0.91,	2.16,	1.67
0.22,	0.8,	1.03,	2.0,	1.66
0.5,	0.79,	1.07,	1.85,	1.67
0.82,	0.65,	1.2,	1.74,	1.69
1.13,	0.56,	1.43,	1.67,	1.72
1.67,	0.66,	1.63,	1.66,	1.75
2.26,	0.92,	1.63,	1.69,	1.79
2.71,	1.02,	1.62,	1.76,	1.82
2.98,	0.84,	1.74,	1.85,	1.84
3.31,	0.5,	1.87,	1.97,	1.85
3.5,	0.3,	1.71,	2.05,	1.84
3.61,	0.44,	1.51,	2.13,	1.82
3.59,	0.66,	1.5,	2.16,	1.78
3.35,	0.8,	1.51,	2.15,	1.74
2.92,	0.62,	1.3,	2.11,	1.69
2.45,	0.3,	0.99,	2.01,	1.66
2.14,	0.09,	0.93,	1.9,	1.63
1.86,	0.09,	0.99,	1.77,	1.62
1.57,	0.18,	0.81,	1.63,	1.63
1.16,	0.26,	0.53,	1.5,	1.65
0.85,	0.24,	0.5,	1.36,	1.68
0.56,	0.17,	0.56,	1.26,	1.71
0.3,	0.13,	0.53,	1.16,	1.74
0.16,	0.18,	0.44,	1.09,	1.76
0.14,	0.18,	0.46,	1.06,	1.77
0.14,	0.17,	0.59,	1.03,	1.76
0.15,	0.2,	0.72,	1.03,	1.74
0.25,	0.3,	0.83,	1.04,	1.71
0.49,	0.41,	0.94,	1.06,	1.67
0.51,	0.42,	1.18,	1.09,	1.63
0.59,	0.42,	1.43,	1.12,	1.59
0.7,	0.45,	1.63,	1.15,	1.57
0.86,	0.54,	1.86,	1.18,	1.55
0.97,	0.7,	2.09,	1.2,	1.54
0.98,	0.89,	2.22,	1.22,	1.54
1.04,	1.12,	2.36,	1.23,	1.55
1.07,	1.33,	2.51,	1.22,	1.57
0.97,	1.46,	2.44,	1.21,	1.6
0.78,	1.64,	2.32,	1.21,	1.64
0.6,	2.05,	2.22,	1.22,	1.69
0.58,	2.76,	2.03,	1.26,	1.77
0.78,	3.69,	1.86,	1.35,	1.86
1.49,	4.84,	1.69,	1.5,	1.98
2.52,	6.43,	1.61,	1.73,	2.11
3.58,	8.63,	1.53,	2.02,	2.26
4.55,	11.51,	1.37,	2.4,	2.43
5.22,	14.9,	1.54,	2.81,	2.58
5.4,	18.25,	1.91,	3.3,	2.73
5.31,	20.8,	1.94,	3.75,	2.85
6.29,	22.17,	2.16,	4.22,	2.94
9.73,	23.02,	2.7,	4.61,	2.99
17.24,	24.68,	2.73,	4.9,	2.99
31.01,	28.37,	2.46,	5.14,	2.95
50.42,	32.5,	3.04,	5.16,	2.87
72.38,	33.3,	3.48,	5.17,	2.74
96.82,	28.86,	2.8,	4.97,	2.59
117.85,	19.76,	2.2,	4.7,	2.42
127.38,	11.38,	2.37,	4.44,	2.22
122.47,	8.9,	2.6,	3.9,	2.02
105.31,	11.89,	2.45,	3.6,	1.81
81.75,	15.22,	1.52,	3.11,	1.61
57.66,	15.2,	0.8,	2.66,	1.41
38.83,	11.72,	1.32,	2.42,	1.22
32.72,	7.16,	1.48,	1.91,	1.04
39.61,	4.77,	0.76,	1.71,	0.88
49.43,	4.31,	0.46,	1.45,	0.73
49.32,	4.63,	0.45,	1.22,	0.6
43.48,	5.26,	0.49,	1.04,	0.49
41.57,	5.2,	0.42,	0.89,	0.4
39.82,	4.84,	0.37,	0.77,	0.33
37.8,	4.79,	0.36,	0.67,	0.28
34.27,	4.89,	0.32,	0.59,	0.25
28.14,	4.81,	0.25,	0.53,	0.25
19.92,	4.09,	0.4,	0.5,	0.26
14.42,	2.92,	0.52,	0.47,	0.3
11.71,	2.39,	0.53,	0.47,	0.37
12.17,	2.97,	0.65,	0.49,	0.47
13.83,	4.06,	0.86,	0.52,	0.6
15.12,	5.44,	1.15,	0.58,	0.76
14.69,	7.01,	1.3,	0.63,	0.95
12.63,	8.59,	1.55,	0.73,	1.14
9.46,	9.78,	2.02,	0.8,	1.35
6.64,	10.69,	2.23,	0.92,	1.55
6.31,	12.06,	2.01,	1.05,	1.74
10.34,	14.52,	2.01,	1.17,	1.89
19.62,	17.37,	2.53,	1.33,	2.02
34.29,	18.73,	2.9,	1.46,	2.09
51.05,	16.71,	2.51,	1.62,	2.13
68.43,	11.94,	2.08,	1.77,	2.13
83.11,	7.59,	2.36,	1.91,	2.1
91.06,	7.02,	2.67,	2.09,	2.05
90.55,	10.3,	2.52,	2.21,	2.0
81.81,	13.95,	2.35,	2.37,	1.96
66.99,	14.14,	2.25,	2.49,	1.94
49.39,	10.47,	2.17,	2.56,	1.94
32.53,	6.24,	2.11,	2.66,	1.98
19.89,	4.78,	2.14,	2.65,	2.04
13.78,	5.19,	2.27,	2.65,	2.12
12.53,	5.14,	2.26,	2.62,	2.21
14.28,	5.05,	2.32,	2.55,	2.29
16.4,	5.18,	2.42,	2.46,	2.35
19.27,	5.5,	2.43,	2.39,	2.38
21.85,	5.6,	2.52,	2.3,	2.39
23.06,	5.81,	3.08,	2.25,	2.38
21.67,	7.21,	3.64,	2.28,	2.34
17.62,	9.93,	3.75,	2.23,	2.29
13.51,	12.31,	3.89,	2.35,	2.24
9.77,	13.91,	4.01,	2.46,	2.19
6.48,	15.26,	4.05,	2.58,	2.15
4.77,	16.85,	4.45,	2.79,	2.13
5.53,	18.24,	4.57,	2.92,	2.11
5.85,	18.28,	4.23,	3.08,	2.11
5.62,	17.65,	3.84,	3.23,	2.11
4.8,	16.81,	3.37,	3.35,	2.1
4.56,	14.98,	2.9,	3.44,	2.08
4.39,	13.26,	2.51,	3.51,	2.05
4.06,	11.01,	2.02,	3.56,	2.01
2.92,	9.26,	1.48,	3.6,	1.95
1.41,	6.92,	1.39,	3.64,	1.9
0.78,	4.04,	1.44,	3.71,	1.85
2.21,	1.84,	1.05,	3.75,	1.82
5.14,	1.53,	0.73,	3.86,	1.82
5.57,	1.43,	0.74,	3.97,	1.86
5.48,	1.25,	0.77,	4.11,	1.94
5.64,	1.08,	0.86,	4.27,	2.06
5.6,	0.73,	0.86,	4.41,	2.2
4.89,	0.48,	0.78,	4.57,	2.37
3.74,	0.53,	0.96,	4.73,	2.54
2.51,	0.79,	1.14,	4.82,	2.7
1.19,	1.11,	1.26,	4.92,	2.83
0.47,	1.11,	1.5,	4.94,	2.92
0.25,	0.88,	1.78,	4.91,	2.96
0.46,	0.56,	2.14,	4.85,	2.96
0.89,	0.39,	2.52,	4.71,	2.92
1.19,	0.4,	2.84,	4.52,	2.83
1.27,	0.49,	3.18,	4.28,	2.72
1.31,	0.6,	3.46,	3.99,	2.59
1.33,	0.75,	3.66,	3.68,	2.44
0.96,	1.01,	3.79,	3.36,	2.3
0.75,	1.32,	3.87,	3.05,	2.17
0.65,	1.66,	3.79,	2.78,	2.06
0.71,	1.96,	3.57,	2.57,	1.98
0.78,	2.35,	3.34,	2.43,	1.92
0.92,	2.75,	3.09,	2.37,	1.89
1.0,	3.18,	2.83,	2.39,	1.89
0.98,	3.56,	2.56,	2.5,	1.91
1.0,	3.9,	2.34,	2.66,	1.95
1.05,	4.08,	2.11,	2.87,	2.01
1.13,	4.15,	1.91,	3.1,	2.09
0.99,	4.22,	1.81,	3.33,	2.18
0.76,	4.3,	1.71,	3.54,	2.31
0.86,	3.83,	1.66,	3.7,	2.45
1.02,	3.34,	1.61,	3.81,	2.63
0.75,	2.54,	1.55,	3.85,	2.83
0.57,	2.04,	1.55,	3.83,	3.04
0.6,	1.69,	1.49,	3.74,	3.26
0.67,	1.31,	1.45,	3.6,	3.48
0.73,	1.12,	1.36,	3.41,	3.66
0.81,	0.98,	1.26,	3.18,	3.81
1.04,	0.82,	1.16,	2.94,	3.91
1.67,	0.66,	1.02,	2.68,	3.95
1.99,	0.68,	0.88,	2.42,	3.93
1.88,	0.71,	0.8,	2.18,	3.86
1.81,	0.76,	0.72,	1.94,	3.74
1.45,	0.89,	0.72,	1.74,	3.6
0.95,	1.01,	0.67,	1.56,	3.44
0.46,	1.05,	0.64,	1.4,	3.27
0.32,	0.84,	0.72,	1.31,	3.11
0.47,	0.63,	0.82,	1.24,	2.97
0.97,	0.54,	0.92,	1.24,	2.85
1.58,	0.62,	1.05,	1.29,	2.75
1.93,	0.66,	1.13,	1.39,	2.67
1.96,	0.61,	1.22,	1.53,	2.59
2.29,	0.51,	1.34,	1.71,	2.52
2.4,	0.38,	1.41,	1.9,	2.43
2.29,	0.31,	1.42,	2.08,	2.33
1.89,	0.44,	1.5,	2.24,	2.21
1.96,	0.58,	1.62,	2.36,	2.08
2.44,	0.72,	1.76,	2.44,	1.93
3.64,	0.77,	1.86,	2.48,	1.78
5.76,	0.75,	2.01,	2.46,	1.65
8.46,	0.7,	2.3,	2.44,	1.53
10.65,	0.66,	2.58,	2.39,	1.44
12.24,	0.66,	2.83,	2.37,	1.39
13.64,	0.72,	3.09,	2.39,	1.37
14.71,	0.87,	3.35,	2.46,	1.4
15.87,	1.06,	3.58,	2.6,	1.47
15.91,	1.37,	3.79,	2.82,	1.58
15.6,	1.74,	3.98,	3.09,	1.73
15.88,	2.11,	4.1,	3.4,	1.9
15.97,	2.52,	4.1,	3.72,	2.09
15.28,	3.07,	4.25,	4.01,	2.28
13.1,	3.83,	4.38,	4.25,	2.48
8.89,	5.27,	4.1,	4.4,	2.65
4.91,	6.73,	3.33,	4.46,	2.8
2.35,	7.47,	3.17,	4.39,	2.91
2.11,	7.14,	3.51,	4.26,	2.97
3.36,	5.89,	3.02,	4.01,	3.0
5.2,	4.4,	2.18,	3.71,	2.99
6.34,	3.41,	1.79,	3.38,	2.94
6.62,	3.02,	1.53,	3.03,	2.85
6.7,	2.67,	1.26,	2.7,	2.75
5.62,	2.67,	1.0,	2.41,	2.62
4.73,	2.4,	0.79,	2.15,	2.49
3.94,	1.95,	0.76,	1.95,	2.35
3.21,	1.4,	0.85,	1.81,	2.22
3.17,	0.85,	0.83,	1.7,	2.09
3.43,	0.72,	0.91,	1.66,	1.98
2.81,	0.79,	1.06,	1.66,	1.88
2.0,	0.88,	1.22,	1.68,	1.8
1.87,	0.93,	1.34,	1.71,	1.74
1.92,	0.94,	1.46,	1.78,	1.71
1.94,	1.06,	1.52,	1.87,	1.7
1.67,	1.17,	1.68,	1.98,	1.72
1.28,	1.14,	1.73,	2.11,	1.77
0.84,	1.03,	1.64,	2.28,	1.84
0.7,	1.05,	1.65,	2.45,	1.94
1.0,	1.27,	1.67,	2.63,	2.07
1.67,	1.6,	1.68,	2.82,	2.2
2.73,	1.9,	1.63,	3.0,	2.34
3.55,	2.01,	1.54,	3.15,	2.48
4.92,	1.95,	1.57,	3.29,	2.61
5.65,	1.94,	1.6,	3.37,	2.72
5.89,	2.04,	1.46,	3.41,	2.8
5.63,	2.3,	1.35,	3.42,	2.84
5.05,	2.64,	1.36,	3.36,	2.85
4.36,	2.9,	1.31,	3.28,	2.81
2.87,	3.22,	1.24,	3.19,	2.74
1.88,	3.2,	1.21,	3.06,	2.63
1.7,	2.84,	1.22,	2.99,	2.5
2.0,	2.37,	1.25,	2.92,	2.35
2.37,	2.14,	1.3,	2.9,	2.19
2.63,	1.96,	1.37,	2.94,	2.05
2.95,	1.75,	1.46,	3.02,	1.92
2.52,	1.32,	1.54,	3.13,	1.81
2.89,	1.28,	1.69,	3.28,	1.73
3.48,	1.3,	1.81,	3.43,	1.68
4.02,	1.29,	1.93,	3.57,	1.66
4.41,	1.31,	1.99,	3.67,	1.66
4.69,	1.38,	1.98,	3.73,	1.7
4.73,	1.47,	1.95,	3.74,	1.75
5.99,	1.4,	1.85,	3.68,	1.81
6.29,	1.4,	1.76,	3.58,	1.88
6.44,	1.36,	1.67,	3.45,	1.95
6.36,	1.31,	1.53,	3.29,	2.02
6.11,	1.42,	1.41,	3.14,	2.09
5.35,	1.68,	1.27,	2.96,	2.14
3.99,	1.83,	1.18,	2.84,	2.17
2.67,	1.47,	1.04,	2.7,	2.19
1.5,	0.87,	0.79,	2.58,	2.18
0.69,	0.34,	0.73,	2.52,	2.16
0.4,	0.2,	0.75,	2.43,	2.11
0.4,	0.24,	0.67,	2.37,	2.04
0.28,	0.33,	0.58,	2.31,	1.96
0.33,	0.38,	0.57,	2.26,	1.86
0.42,	0.43,	0.58,	2.21,	1.77
0.42,	0.5,	0.63,	2.16,	1.67
0.48,	0.56,	0.67,	2.1,	1.59
0.54,	0.62,	0.74,	2.05,	1.52
0.55,	0.69,	0.82,	1.99,	1.48
0.54,	0.74,	0.91,	1.94,	1.46
0.68,	0.8,	1.02,	1.9,	1.46
0.83,	0.86,	1.12,	1.88,	1.48
0.82,	0.85,	1.21,	1.89,	1.51
0.84,	0.83,	1.3,	1.93,	1.55
0.75,	0.82,	1.43,	2.0,	1.58
0.58,	0.93,	1.54,	2.1,	1.6
0.38,	1.05,	1.58,	2.22,	1.62
0.22,	1.02,	1.61,	2.34,	1.63
0.12,	0.95,	1.71,	2.46,	1.64
0.04,	0.85,	1.8,	2.54,	1.64
0.04,	0.84,	1.8,	2.59,	1.66
0.09,	0.88,	1.81,	2.6,	1.7
0.07,	0.87,	1.83,	2.53,	1.75
0.08,	0.9,	1.84,	2.41,	1.82
0.1,	0.94,	1.85,	2.24,	1.91
0.09,	0.96,	1.82,	2.04,	2.02
0.12,	1.05,	1.79,	1.84,	2.12
0.13,	1.13,	1.76,	1.65,	2.22
0.16,	1.16,	1.69,	1.5,	2.31
0.19,	1.24,	1.6,	1.41,	2.38
0.23,	1.28,	1.53,	1.38,	2.43
0.25,	1.3,	1.43,	1.41,	2.44
0.3,	1.25,	1.3,	1.5,	2.42
0.38,	1.16,	1.13,	1.62,	2.38
0.37,	1.14,	1.03,	1.76,	2.32
0.39,	1.06,	0.9,	1.88,	2.24
0.29,	1.07,	0.81,	1.99,	2.15
0.24,	1.08,	0.69,	2.06,	2.06
0.35,	0.96,	0.65,	2.08,	1.97
0.49,	0.78,	0.65,	2.06,	1.89
0.67,	0.62,	0.7,	2.0,	1.83
0.86,	0.54,	0.76,	1.91,	1.77
0.85,	0.57,	0.89,	1.8,	1.73
0.82,	0.61,	1.06,	1.68,	1.7
0.87,	0.67,	1.26,	1.55,	1.68
0.73,	0.79,	1.5,	1.44,	1.68
0.5,	0.92,	1.75,	1.34,	1.69
0.46,	1.0,	2.0,	1.27,	1.72
0.4,	1.09,	2.25,	1.23,	1.79
0.36,	1.19,	2.46,	1.26,	1.87
0.28,	1.36,	2.72,	1.37,	1.98
0.32,	1.53,	3.01,	1.6,	2.1
0.47,	1.48,	3.12,	1.97,	2.24
0.9,	1.35,	3.27,	2.5,	2.39
1.32,	1.29,	3.6,	3.2,	2.54
1.62,	1.37,	3.95,	4.06,	2.68
1.83,	1.55,	4.27,	5.05,	2.81
1.96,	1.75,	4.58,	6.13,	2.93
2.0,	1.89,	4.95,	7.23,	3.04
1.73,	1.93,	5.38,	8.29,	3.15
1.58,	1.95,	5.58,	9.22,	3.26
1.2,	2.0,	5.61,	9.97,	3.39
1.2,	2.25,	5.76,	10.48,	3.53
1.43,	2.38,	5.69,	10.73,	3.69
1.63,	2.55,	5.49,	10.72,	3.87
1.89,	2.69,	5.14,	10.46,	4.04
1.93,	2.79,	4.67,	9.99,	4.19
1.93,	2.83,	4.12,	9.38,	4.32
1.99,	2.79,	3.5,	8.69,	4.41
2.11,	2.74,	2.86,	7.98,	4.44
2.03,	2.62,	2.31,	7.33,	4.42
1.87,	2.46,	1.9,	6.79,	4.34
1.52,	2.17,	1.51,	6.36,	4.2
0.94,	1.65,	1.07,	6.09,	4.02
0.43,	1.12,	1.08,	5.89,	3.82
0.3,	1.0,	1.2,	5.79,	3.6
0.29,	0.89,	1.33,	5.72,	3.37
0.17,	1.05,	1.44,	5.66,	3.15
0.24,	0.8,	1.75,	5.56,	2.95
0.32,	0.71,	1.99,	5.4,	2.77
0.45,	0.6,	2.25,	5.19,	2.6
0.52,	0.58,	2.45,	4.92,	2.45
0.65,	0.56,	2.65,	4.6,	2.32
0.59,	0.54,	2.89,	4.26,	2.22
0.85,	0.63,	2.77,	3.87,	2.16
1.24,	0.69,	2.63,	3.51,	2.13
1.64,	0.71,	2.56,	3.21,	2.17
2.61,	0.78,	2.52,	2.94,	2.27
4.07,	1.0,	2.33,	2.79,	2.44
5.9,	1.19,	1.99,	2.68,	2.69
7.95,	1.18,	1.8,	2.72,	2.99
9.56,	0.83,	1.83,	2.87,	3.34
10.74,	0.47,	1.74,	3.09,	3.7
10.95,	0.41,	1.43,	3.46,	4.05
10.2,	0.82,	1.23,	3.89,	4.35
8.7,	1.29,	1.31,	4.35,	4.58
6.42,	1.73,	1.36,	4.87,	4.73
3.95,	2.17,	1.11,	5.33,	4.77
2.02,	2.5,	0.87,	5.75,	4.72
1.16,	2.8,	0.92,	6.13,	4.58
0.86,	3.12,	0.88,	6.39,	4.37
0.82,	3.4,	0.77,	6.54,	4.13
0.95,	3.68,	0.68,	6.57,	3.87
1.34,	4.02,	0.65,	6.5,	3.64
1.83,	3.95,	0.58,	6.29,	3.45
2.19,	3.36,	0.44,	6.04,	3.32
2.34,	2.65,	0.44,	5.71,	3.26
2.25,	2.25,	0.48,	5.36,	3.27
1.89,	2.25,	0.48,	5.02,	3.33
1.4,	2.32,	0.55,	4.67,	3.43
1.02,	2.05,	0.61,	4.38,	3.55
0.69,	1.44,	0.61,	4.1,	3.67
0.4,	0.81,	0.69,	3.88,	3.77
0.59,	0.57,	0.84,	3.68,	3.82
1.14,	0.65,	0.91,	3.47,	3.84
1.44,	0.69,	0.89,	3.29,	3.8
1.69,	0.65,	0.88,	3.09,	3.72
1.87,	0.62,	0.9,	2.87,	3.6
2.62,	0.66,	1.06,	2.63,	3.45
3.54,	0.93,	1.06,	2.38,	3.28
4.15,	1.11,	0.89,	2.14,	3.1
4.54,	1.07,	0.84,	1.88,	2.93
4.53,	0.97,	0.94,	1.65,	2.78
4.2,	0.99,	1.06,	1.44,	2.64
3.55,	1.37,	0.9,	1.26,	2.53
2.89,	1.6,	0.82,	1.11,	2.44
2.11,	1.64,	0.89,	1.0,	2.37
1.58,	1.55,	0.88,	0.92,	2.31
0.82,	1.48,	0.83,	0.89,	2.26
0.49,	1.58,	0.81,	0.89,	2.21
0.41,	1.65,	0.78,	0.92,	2.16
0.38,	1.62,	0.75,	0.98,	2.12
0.32,	1.62,	0.73,	1.07,	2.09
0.24,	1.68,	0.71,	1.16,	2.06
0.21,	1.66,	0.7,	1.26,	2.03
0.28,	1.52,	0.64,	1.35,	2.01
0.51,	1.28,	0.62,	1.43,	1.98
0.84,	1.06,	0.68,	1.51,	1.96
1.15,	1.05,	0.72,	1.55,	1.93
1.3,	1.12,	0.77,	1.57,	1.9
1.36,	1.16,	0.86,	1.58,	1.86
1.44,	1.23,	0.97,	1.56,	1.81
1.19,	1.27,	1.12,	1.54,	1.76
0.88,	1.35,	1.28,	1.52,	1.71
0.74,	1.5,	1.44,	1.54,	1.65
0.65,	1.67,	1.61,	1.6,	1.6
0.6,	1.74,	1.79,	1.72,	1.56
0.47,	1.89,	1.94,	1.91,	1.52
0.42,	2.02,	2.03,	2.17,	1.49
0.39,	2.2,	2.08,	2.48,	1.47
0.44,	2.4,	2.11,	2.84,	1.47
0.72,	2.48,	2.05,	3.22,	1.47
1.04,	2.51,	1.92,	3.59,	1.48
1.33,	2.55,	1.77,	3.92,	1.49
1.45,	2.71,	1.61,	4.17,	1.5
1.58,	2.83,	1.43,	4.34,	1.51
1.95,	2.86,	1.29,	4.39,	1.52
2.23,	2.85,	1.17,	4.34,	1.54
2.25,	2.87,	1.03,	4.19,	1.56
2.4,	2.8,	0.9,	3.95,	1.59
2.36,	2.68,	0.82,	3.66,	1.63
2.3,	2.51,	0.76,	3.34,	1.69
2.1,	2.4,	0.72,	3.03,	1.75
1.71,	2.19,	0.59,	2.75,	1.81
1.35,	1.59,	0.53,	2.54,	1.88
1.09,	1.01,	0.57,	2.38,	1.94
0.78,	0.7,	0.61,	2.3,	1.98
0.6,	0.65,	0.59,	2.26,	2.01
0.53,	0.58,	0.56,	2.27,	2.02
0.74,	0.42,	0.58,	2.32,	2.01
0.54,	0.28,	0.6,	2.37,	1.98
0.54,	0.21,	0.6,	2.4,	1.93
0.68,	0.17,	0.6,	2.42,	1.87
0.75,	0.18,	0.62,	2.44,	1.81
0.66,	0.18,	0.66,	2.42,	1.75
0.48,	0.21,	0.67,	2.4,	1.7
0.57,	0.19,	0.73,	2.39,	1.68
0.66,	0.23,	0.72,	2.4,	1.68
0.62,	0.3,	0.7,	2.47,	1.72
0.56,	0.39,	0.77,	2.61,	1.8
0.46,	0.4,	0.78,	2.82,	1.92
0.42,	0.35,	0.8,	3.13,	2.07
0.52,	0.26,	0.94,	3.51,	2.23
0.59,	0.15,	1.02,	3.93,	2.4
0.68,	0.1,	1.14,	4.4,	2.57
0.72,	0.14,	1.4,	4.84,	2.7
0.73,	0.22,	1.66,	5.24,	2.81
0.63,	0.22,	1.89,	5.54,	2.86
0.55,	0.16,	2.14,	5.75,	2.87
0.43,	0.07,	2.41,	5.81,	2.83
0.4,	0.03,	2.76,	5.74,	2.75
0.49,	0.09,	2.94,	5.56,	2.66
0.6,	0.14,	2.97,	5.26,	2.56
0.79,	0.17,	3.05,	4.92,	2.47
0.98,	0.18,	3.09,	4.53,	2.42
1.16,	0.18,	2.96,	4.15,	2.43
1.29,	0.19,	2.75,	3.81,	2.49
1.34,	0.22,	2.57,	3.52,	2.63
1.36,	0.25,	2.34,	3.32,	2.83
1.27,	0.29,	2.1,	3.2,	3.09
1.05,	0.36,	1.87,	3.16,	3.38
1.01,	0.44,	1.7,	3.19,	3.68
0.91,	0.53,	1.59,	3.27,	3.97
1.25,	0.65,	1.53,	3.38,	4.23
1.08,	0.75,	1.57,	3.52,	4.44
0.99,	0.99,	1.73,	3.65,	4.58
0.8,	1.24,	1.84,	3.78,	4.65
0.59,	1.44,	2.07,	3.9,	4.65
0.47,	1.62,	2.34,	4.02,	4.59
0.33,	1.81,	2.5,	4.14,	4.48
0.32,	2.17,	2.6,	4.27,	4.34
0.37,	2.43,	2.79,	4.4,	4.17
0.38,	2.59,	2.91,	4.55,	4.01
0.37,	2.62,	2.88,	4.7,	3.87
0.36,	2.62,	2.82,	4.85,	3.76
0.34,	2.64,	2.74,	4.99,	3.69
0.31,	2.65,	2.62,	5.07,	3.66
0.2,	2.7,	2.46,	5.12,	3.67
0.27,	2.5,	2.24,	5.09,	3.7
0.19,	2.21,	1.98,	5.0,	3.74
0.21,	2.03,	1.76,	4.84,	3.78
0.18,	1.84,	1.6,	4.64,	3.8
0.2,	1.73,	1.35,	4.42,	3.78
0.27,	1.69,	1.13,	4.2,	3.74
0.23,	1.56,	0.95,	4.0,	3.66
0.26,	1.51,	0.8,	3.85,	3.56
0.74,	1.34,	0.73,	3.75,	3.45
1.02,	1.49,	0.55,	3.72,	3.35
1.23,	1.71,	0.44,	3.76,	3.28
1.42,	1.91,	0.42,	3.86,	3.26
1.45,	2.01,	0.4,	3.99,	3.29
1.63,	1.98,	0.45,	4.15,	3.38
1.62,	1.99,	0.57,	4.29,	3.53
1.45,	2.1,	0.64,	4.42,	3.71
1.05,	2.36,	0.79,	4.5,	3.92
0.72,	2.59,	0.99,	4.54,	4.13
0.39,	2.67,	1.14,	4.52,	4.31
0.14,	2.52,	1.35,	4.49,	4.44
0.05,	1.97,	1.56,	4.43,	4.5
0.08,	1.54,	1.67,	4.38,	4.5
0.18,	1.25,	1.78,	4.34,	4.43
0.25,	1.12,	1.88,	4.31,	4.31
0.28,	0.98,	1.89,	4.3,	4.16
0.37,	0.88,	1.82,	4.28,	4.01
0.45,	0.71,	1.74,	4.26,	3.88
0.59,	0.55,	1.63,	4.2,	3.78
0.9,	0.37,	1.52,	4.1,	3.73
0.99,	0.43,	1.34,	3.96,	3.75
1.14,	0.5,	1.18,	3.78,	3.83
1.41,	0.57,	1.05,	3.55,	3.96
1.52,	0.68,	0.96,	3.3,	4.15
1.84,	0.79,	0.9,	3.03,	4.36
1.73,	0.89,	0.91,	2.76,	4.58
1.8,	0.98,	1.02,	2.51,	4.78
1.89,	1.08,	1.15,	2.3,	4.96
1.78,	1.07,	1.3,	2.12,	5.08
1.7,	1.03,	1.5,	2.01,	5.15
1.02,	0.99,	1.78,	1.96,	5.17
0.52,	1.12,	2.01,	1.96,	5.13
0.26,	1.13,	2.19,	2.06,	5.04
0.18,	0.98,	2.29,	2.23,	4.91
0.19,	0.74,	2.33,	2.5,	4.74
0.27,	0.54,	2.42,	2.86,	4.55
0.4,	0.43,	2.42,	3.32,	4.34
