3.8,	1.03,	0.73,	0.76,	1.61
3.39,	0.93,	0.67,	0.77,	1.69
2.77,	1.03,	0.61,	0.78,	1.77
2.16,	1.34,	0.51,	0.8,	1.84
1.7,	1.51,	0.35,	0.81,	1.88
1.37,	1.45,	0.29,	0.85,	1.91
1.23,	1.26,	0.28,	0.89,	1.92
1.16,	1.11,	0.26,	0.95,	1.92
1.2,	1.04,	0.27,	1.03,	1.89
1.75,	1.0,	0.29,	1.11,	1.85
2.9,	0.86,	0.36,	1.2,	1.8
4.26,	0.77,	0.47,	1.29,	1.73
5.69,	0.89,	0.57,	1.37,	1.67
7.36,	1.26,	0.69,	1.45,	1.59
8.35,	1.52,	0.8,	1.5,	1.51
8.85,	1.52,	0.93,	1.53,	1.43
8.64,	1.16,	1.02,	1.55,	1.35
7.54,	0.74,	1.04,	1.51,	1.26
5.9,	0.74,	1.19,	1.5,	1.16
4.2,	1.2,	1.22,	1.46,	1.07
2.83,	1.58,	1.03,	1.39,	0.98
1.76,	1.66,	1.0,	1.36,	0.9
1.13,	1.3,	1.03,	1.29,	0.82
0.98,	0.73,	0.92,	1.25,	0.75
1.09,	0.31,	0.81,	1.21,	0.7
1.18,	0.15,	0.67,	1.17,	0.66
1.1,	0.2,	0.58,	1.16,	0.64
0.9,	0.32,	0.6,	1.14,	0.63
0.61,	0.37,	0.56,	1.15,	0.64
0.31,	0.34,	0.4,	1.15,	0.66
0.29,	0.33,	0.4,	1.17,	0.7
0.49,	0.35,	0.5,	1.18,	0.74
1.07,	0.47,	0.53,	1.19,	0.78
1.72,	0.6,	0.45,	1.22,	0.83
2.15,	0.72,	0.43,	1.25,	0.87
2.33,	0.89,	0.51,	1.31,	0.9
2.23,	1.21,	0.7,	1.39,	0.92
1.86,	1.71,	0.8,	1.51,	0.93
1.29,	2.2,	0.8,	1.65,	0.93
0.77,	2.61,	0.94,	1.82,	0.92
0.4,	3.03,	1.16,	2.0,	0.89
0.33,	3.57,	1.34,	2.19,	0.85
0.65,	4.11,	1.49,	2.37,	0.81
1.02,	4.34,	1.65,	2.52,	0.76
1.34,	4.37,	1.74,	2.64,	0.72
1.5,	4.43,	1.81,	2.7,	0.67
1.62,	4.55,	1.89,	2.72,	0.64
1.66,	4.77,	1.91,	2.67,	0.62
1.72,	4.85,	1.85,	2.58,	0.62
1.72,	4.86,	1.74,	2.44,	0.64
1.76,	4.87,	1.62,	2.27,	0.67
1.45,	4.75,	1.53,	2.09,	0.72
1.51,	4.94,	1.38,	1.89,	0.78
1.63,	5.08,	1.26,	1.71,	0.85
1.78,	5.06,	1.18,	1.54,	0.93
1.79,	5.28,	0.96,	1.41,	1.0
1.6,	5.83,	0.77,	1.29,	1.07
1.52,	6.13,	0.75,	1.2,	1.13
1.44,	6.18,	0.75,	1.13,	1.16
0.88,	6.04,	0.73,	1.07,	1.18
0.6,	5.47,	0.69,	1.03,	1.17
0.56,	4.66,	0.75,	0.99,	1.14
0.72,	4.3,	0.81,	0.95,	1.09
0.98,	4.06,	0.86,	0.92,	1.04
1.34,	3.79,	0.95,	0.9,	0.97
1.74,	3.32,	1.03,	0.89,	0.9
2.5,	2.66,	1.11,	0.89,	0.84
3.87,	1.73,	1.21,	0.92,	0.78
5.6,	0.98,	1.29,	0.95,	0.73
6.91,	0.9,	1.47,	1.0,	0.7
7.39,	1.14,	1.59,	1.06,	0.67
7.26,	1.28,	1.58,	1.13,	0.66
6.51,	1.41,	1.61,	1.21,	0.65
5.32,	1.46,	1.81,	1.3,	0.65
3.79,	1.58,	1.79,	1.39,	0.66
2.22,	1.87,	1.61,	1.49,	0.66
1.59,	2.17,	1.56,	1.6,	0.67
1.49,	2.51,	1.48,	1.7,	0.67
1.4,	2.91,	1.39,	1.8,	0.67
1.29,	3.35,	1.31,	1.88,	0.68
1.18,	3.77,	1.26,	1.96,	0.68
1.0,	4.31,	1.21,	2.01,	0.68
0.76,	5.04,	1.13,	2.03,	0.68
0.64,	5.88,	1.1,	2.06,	0.68
0.7,	6.34,	1.08,	2.06,	0.68
0.77,	6.59,	1.05,	2.05,	0.68
0.9,	6.61,	1.13,	2.04,	0.69
1.09,	6.58,	1.2,	2.03,	0.7
1.49,	6.61,	1.27,	2.03,	0.72
1.84,	6.39,	1.32,	2.04,	0.73
2.74,	5.69,	1.34,	2.05,	0.75
3.42,	5.04,	1.42,	2.07,	0.78
3.65,	4.61,	1.52,	2.08,	0.81
3.92,	3.98,	1.59,	2.09,	0.85
4.11,	3.32,	1.64,	2.08,	0.9
4.45,	2.59,	1.66,	2.04,	0.96
4.04,	2.01,	1.6,	1.99,	1.03
3.92,	1.44,	1.57,	1.92,	1.1
3.69,	0.94,	1.54,	1.83,	1.17
3.72,	0.74,	1.43,	1.74,	1.24
3.47,	0.51,	1.4,	1.65,	1.3
2.92,	0.46,	1.31,	1.58,	1.35
2.21,	0.73,	1.24,	1.54,	1.38
1.9,	1.03,	1.2,	1.51,	1.4
1.57,	1.37,	1.25,	1.5,	1.39
1.4,	1.8,	1.37,	1.52,	1.35
1.19,	2.31,	1.51,	1.55,	1.3
0.97,	2.91,	1.66,	1.58,	1.23
0.81,	3.51,	1.82,	1.6,	1.14
0.53,	4.16,	1.93,	1.62,	1.05
0.4,	4.83,	1.97,	1.61,	0.96
0.34,	5.5,	1.97,	1.6,	0.88
0.46,	6.08,	1.98,	1.57,	0.81
0.78,	6.35,	1.87,	1.55,	0.75
1.05,	6.31,	1.69,	1.54,	0.7
1.32,	6.09,	1.49,	1.55,	0.67
1.42,	5.96,	1.31,	1.58,	0.66
1.55,	5.69,	1.13,	1.63,	0.65
1.78,	5.21,	0.98,	1.68,	0.64
2.02,	4.7,	0.91,	1.73,	0.65
2.11,	4.27,	0.82,	1.78,	0.65
2.18,	3.97,	0.7,	1.8,	0.65
2.0,	3.5,	0.66,	1.78,	0.66
1.78,	3.06,	0.65,	1.73,	0.66
1.49,	2.57,	0.65,	1.64,	0.66
1.29,	1.82,	0.57,	1.52,	0.67
1.23,	1.26,	0.5,	1.35,	0.67
1.11,	1.14,	0.54,	1.18,	0.67
0.95,	1.15,	0.58,	0.99,	0.68
0.77,	1.1,	0.58,	0.81,	0.68
0.53,	0.95,	0.54,	0.64,	0.69
0.31,	0.72,	0.55,	0.5,	0.7
0.17,	0.53,	0.6,	0.39,	0.71
0.1,	0.43,	0.62,	0.32,	0.72
0.11,	0.4,	0.62,	0.28,	0.73
0.08,	0.34,	0.66,	0.28,	0.74
0.11,	0.38,	0.66,	0.32,	0.75
0.22,	0.51,	0.67,	0.39,	0.75
0.23,	0.55,	0.72,	0.49,	0.75
0.35,	0.65,	0.79,	0.61,	0.75
0.47,	0.74,	0.82,	0.76,	0.74
0.66,	0.82,	0.83,	0.92,	0.73
0.69,	0.95,	0.9,	1.09,	0.72
0.65,	1.09,	0.95,	1.25,	0.7
0.58,	1.22,	0.97,	1.4,	0.69
0.42,	1.36,	0.95,	1.54,	0.67
0.28,	1.47,	0.95,	1.64,	0.66
0.2,	1.54,	0.94,	1.71,	0.66
0.13,	1.55,	0.9,	1.74,	0.66
0.11,	1.5,	0.82,	1.73,	0.67
0.09,	1.47,	0.75,	1.69,	0.68
0.04,	1.47,	0.66,	1.62,	0.69
0.02,	1.38,	0.6,	1.53,	0.7
0.05,	1.24,	0.57,	1.42,	0.72
0.13,	1.1,	0.53,	1.32,	0.73
0.23,	1.08,	0.44,	1.21,	0.74
0.25,	1.1,	0.39,	1.11,	0.75
0.18,	1.05,	0.37,	1.03,	0.75
0.18,	1.03,	0.38,	0.96,	0.76
0.22,	0.97,	0.39,	0.91,	0.76
0.41,	0.8,	0.39,	0.87,	0.77
0.45,	0.68,	0.47,	0.86,	0.77
0.44,	0.57,	0.56,	0.86,	0.77
0.4,	0.5,	0.65,	0.89,	0.78
0.32,	0.46,	0.73,	0.92,	0.78
0.25,	0.4,	0.81,	0.96,	0.79
0.25,	0.33,	0.88,	1.0,	0.81
0.16,	0.27,	0.94,	1.05,	0.82
0.13,	0.27,	0.97,	1.1,	0.84
0.09,	0.27,	0.99,	1.15,	0.87
0.14,	0.27,	0.97,	1.18,	0.89
0.26,	0.32,	0.99,	1.2,	0.91
0.42,	0.39,	0.97,	1.22,	0.93
0.57,	0.42,	0.86,	1.22,	0.94
0.73,	0.38,	0.72,	1.22,	0.95
0.84,	0.36,	0.65,	1.22,	0.95
1.09,	0.44,	0.68,	1.23,	0.95
1.32,	0.59,	0.58,	1.24,	0.94
1.73,	0.76,	0.39,	1.27,	0.93
2.1,	0.73,	0.36,	1.32,	0.92
2.35,	0.59,	0.41,	1.38,	0.9
2.48,	0.52,	0.37,	1.46,	0.88
2.5,	0.64,	0.29,	1.53,	0.87
2.33,	0.78,	0.31,	1.62,	0.87
1.96,	0.79,	0.36,	1.68,	0.87
1.49,	0.69,	0.38,	1.73,	0.88
0.85,	0.58,	0.4,	1.76,	0.9
0.45,	0.61,	0.44,	1.74,	0.93
0.42,	0.68,	0.52,	1.71,	0.96
0.5,	0.74,	0.59,	1.64,	1.0
0.64,	0.72,	0.63,	1.54,	1.04
0.73,	0.7,	0.68,	1.42,	1.07
0.8,	0.71,	0.71,	1.28,	1.1
0.77,	0.78,	0.72,	1.13,	1.13
0.82,	0.83,	0.71,	0.98,	1.14
0.92,	0.88,	0.7,	0.83,	1.16
1.06,	0.97,	0.66,	0.71,	1.16
1.04,	1.11,	0.61,	0.6,	1.15
0.99,	1.25,	0.55,	0.53,	1.14
0.88,	1.37,	0.49,	0.48,	1.12
0.9,	1.5,	0.44,	0.47,	1.1
0.92,	1.65,	0.39,	0.49,	1.07
0.77,	1.74,	0.35,	0.54,	1.04
0.57,	1.65,	0.34,	0.62,	1.0
0.4,	1.51,	0.28,	0.72,	0.97
0.15,	1.36,	0.22,	0.85,	0.94
0.08,	1.38,	0.25,	0.98,	0.91
0.09,	1.34,	0.24,	1.11,	0.89
0.13,	1.31,	0.22,	1.23,	0.87
0.19,	1.15,	0.23,	1.34,	0.85
0.28,	0.96,	0.26,	1.42,	0.83
0.42,	0.73,	0.29,	1.46,	0.82
0.57,	0.61,	0.33,	1.49,	0.81
0.58,	0.58,	0.37,	1.48,	0.79
0.52,	0.53,	0.44,	1.44,	0.78
0.41,	0.48,	0.5,	1.39,	0.78
0.22,	0.39,	0.55,	1.32,	0.77
0.07,	0.35,	0.64,	1.25,	0.76
0.04,	0.4,	0.76,	1.18,	0.75
0.07,	0.47,	0.8,	1.11,	0.75
0.1,	0.47,	0.78,	1.05,	0.75
0.12,	0.44,	0.79,	1.0,	0.76
0.12,	0.4,	0.8,	0.97,	0.77
0.11,	0.4,	0.76,	0.94,	0.78
0.16,	0.46,	0.66,	0.92,	0.8
0.23,	0.5,	0.59,	0.91,	0.82
0.34,	0.49,	0.53,	0.88,	0.84
0.48,	0.42,	0.47,	0.87,	0.85
0.68,	0.31,	0.39,	0.85,	0.86
0.9,	0.24,	0.3,	0.83,	0.87
0.96,	0.22,	0.25,	0.82,	0.87
0.97,	0.22,	0.23,	0.82,	0.86
0.96,	0.22,	0.2,	0.85,	0.85
0.79,	0.23,	0.18,	0.91,	0.83
0.67,	0.21,	0.21,	1.0,	0.82
0.71,	0.21,	0.26,	1.13,	0.8
0.63,	0.23,	0.34,	1.29,	0.79
0.62,	0.32,	0.47,	1.48,	0.79
0.54,	0.46,	0.63,	1.68,	0.78
0.45,	0.68,	0.82,	1.88,	0.79
0.32,	0.98,	1.03,	2.05,	0.79
0.24,	1.33,	1.27,	2.2,	0.79
0.25,	1.7,	1.5,	2.3,	0.8
0.26,	2.09,	1.73,	2.36,	0.8
0.34,	2.46,	1.91,	2.37,	0.8
0.34,	2.82,	2.03,	2.34,	0.8
0.39,	3.11,	2.11,	2.27,	0.8
0.47,	3.36,	2.14,	2.2,	0.79
0.66,	3.49,	2.1,	2.13,	0.78
0.77,	3.44,	1.96,	2.08,	0.77
0.77,	3.34,	1.79,	2.06,	0.76
0.86,	3.06,	1.56,	2.09,	0.76
0.99,	2.67,	1.3,	2.14,	0.77
1.14,	2.24,	1.06,	2.23,	0.8
1.36,	1.78,	0.87,	2.33,	0.84
1.65,	1.39,	0.7,	2.45,	0.9
1.81,	1.09,	0.53,	2.56,	0.98
1.93,	0.84,	0.42,	2.64,	1.07
1.91,	0.64,	0.3,	2.7,	1.16
1.95,	0.48,	0.27,	2.71,	1.25
1.89,	0.35,	0.23,	2.68,	1.34
1.68,	0.39,	0.23,	2.61,	1.42
1.65,	0.49,	0.24,	2.51,	1.48
1.54,	0.6,	0.24,	2.39,	1.51
1.4,	0.68,	0.22,	2.24,	1.52
1.41,	0.74,	0.2,	2.08,	1.51
1.42,	0.79,	0.21,	1.92,	1.47
1.45,	0.79,	0.19,	1.76,	1.4
1.36,	0.79,	0.18,	1.61,	1.33
1.21,	0.78,	0.17,	1.46,	1.24
0.84,	0.84,	0.16,	1.33,	1.14
0.66,	0.79,	0.14,	1.19,	1.05
0.64,	0.74,	0.14,	1.08,	0.96
0.63,	0.64,	0.15,	0.99,	0.89
0.61,	0.68,	0.15,	0.92,	0.83
0.44,	0.72,	0.15,	0.85,	0.79
0.3,	0.79,	0.17,	0.82,	0.77
0.11,	0.88,	0.21,	0.79,	0.77
0.1,	1.0,	0.24,	0.78,	0.78
0.12,	1.09,	0.27,	0.79,	0.81
0.14,	1.17,	0.32,	0.79,	0.85
0.17,	1.25,	0.4,	0.78,	0.9
0.22,	1.27,	0.5,	0.78,	0.96
0.29,	1.29,	0.62,	0.76,	1.02
0.34,	1.28,	0.78,	0.74,	1.08
0.4,	1.31,	0.94,	0.71,	1.14
0.49,	1.33,	1.11,	0.68,	1.19
0.68,	1.3,	1.29,	0.65,	1.23
0.85,	1.3,	1.44,	0.63,	1.26
0.99,	1.27,	1.55,	0.62,	1.28
1.21,	1.24,	1.64,	0.62,	1.28
1.39,	1.2,	1.67,	0.64,	1.27
1.41,	1.11,	1.67,	0.67,	1.24
1.32,	1.07,	1.6,	0.71,	1.19
1.45,	0.98,	1.52,	0.75,	1.13
1.59,	0.84,	1.41,	0.79,	1.06
1.56,	0.78,	1.28,	0.82,	0.98
1.51,	0.74,	1.14,	0.84,	0.9
1.44,	0.67,	1.01,	0.85,	0.81
1.43,	0.58,	0.88,	0.84,	0.73
1.13,	0.47,	0.75,	0.83,	0.66
0.91,	0.35,	0.62,	0.8,	0.6
0.9,	0.33,	0.53,	0.78,	0.56
0.83,	0.34,	0.43,	0.76,	0.54
0.71,	0.31,	0.36,	0.75,	0.53
0.48,	0.28,	0.28,	0.75,	0.53
0.22,	0.3,	0.23,	0.78,	0.55
0.16,	0.36,	0.19,	0.82,	0.57
0.15,	0.42,	0.16,	0.88,	0.6
0.13,	0.49,	0.13,	0.96,	0.62
0.13,	0.56,	0.12,	1.05,	0.65
0.11,	0.64,	0.12,	1.14,	0.67
0.11,	0.73,	0.13,	1.23,	0.69
0.13,	0.82,	0.14,	1.31,	0.7
0.11,	0.94,	0.16,	1.37,	0.7
0.12,	1.07,	0.19,	1.41,	0.7
0.14,	1.24,	0.23,	1.41,	0.7
0.14,	1.38,	0.27,	1.39,	0.69
0.12,	1.47,	0.33,	1.33,	0.69
0.1,	1.54,	0.39,	1.26,	0.68
0.09,	1.62,	0.44,	1.16,	0.67
0.12,	1.7,	0.48,	1.05,	0.67
0.15,	1.71,	0.54,	0.93,	0.67
0.24,	1.71,	0.59,	0.81,	0.67
0.33,	1.61,	0.64,	0.7,	0.68
0.48,	1.4,	0.65,	0.61,	0.69
0.57,	1.19,	0.66,	0.52,	0.71
0.55,	1.06,	0.7,	0.46,	0.74
0.5,	0.99,	0.71,	0.42,	0.77
0.43,	0.95,	0.7,	0.39,	0.8
0.36,	0.92,	0.68,	0.38,	0.84
0.21,	0.9,	0.67,	0.38,	0.87
0.2,	0.85,	0.65,	0.38,	0.9
0.33,	0.75,	0.66,	0.4,	0.91
0.43,	0.75,	0.63,	0.42,	0.92
0.36,	0.8,	0.62,	0.44,	0.92
0.25,	0.83,	0.61,	0.46,	0.91
0.21,	0.8,	0.61,	0.48,	0.88
0.17,	0.79,	0.64,	0.5,	0.84
0.12,	0.79,	0.69,	0.51,	0.8
0.1,	0.74,	0.74,	0.52,	0.76
0.06,	0.65,	0.79,	0.53,	0.71
0.03,	0.59,	0.86,	0.53,	0.66
0.04,	0.56,	0.92,	0.54,	0.62
0.07,	0.51,	0.99,	0.55,	0.58
0.1,	0.48,	1.08,	0.56,	0.54
0.23,	0.51,	1.2,	0.59,	0.51
0.3,	0.52,	1.27,	0.63,	0.48
0.29,	0.45,	1.32,	0.69,	0.45
0.26,	0.34,	1.37,	0.77,	0.43
0.2,	0.26,	1.48,	0.86,	0.41
0.15,	0.3,	1.59,	0.97,	0.4
0.12,	0.35,	1.55,	1.09,	0.39
0.13,	0.35,	1.46,	1.2,	0.39
0.13,	0.28,	1.47,	1.31,	0.41
0.18,	0.21,	1.5,	1.39,	0.43
0.33,	0.2,	1.4,	1.46,	0.47
0.56,	0.28,	1.21,	1.5,	0.52
0.62,	0.32,	1.1,	1.5,	0.57
0.64,	0.36,	1.0,	1.47,	0.63
0.64,	0.41,	0.92,	1.41,	0.68
0.58,	0.45,	0.78,	1.32,	0.72
0.5,	0.47,	0.65,	1.21,	0.76
0.52,	0.5,	0.58,	1.08,	0.78
0.58,	0.55,	0.53,	0.95,	0.79
0.55,	0.59,	0.5,	0.83,	0.79
0.54,	0.63,	0.45,	0.72,	0.79
0.59,	0.64,	0.44,	0.63,	0.77
0.6,	0.67,	0.39,	0.56,	0.75
0.59,	0.63,	0.37,	0.51,	0.72
0.63,	0.56,	0.36,	0.49,	0.7
0.44,	0.46,	0.36,	0.48,	0.68
0.36,	0.44,	0.34,	0.49,	0.67
0.35,	0.48,	0.33,	0.51,	0.65
0.38,	0.41,	0.33,	0.53,	0.64
0.4,	0.35,	0.33,	0.55,	0.63
0.4,	0.32,	0.34,	0.57,	0.62
0.5,	0.24,	0.36,	0.57,	0.61
0.58,	0.21,	0.37,	0.57,	0.6
0.56,	0.21,	0.38,	0.55,	0.59
0.59,	0.19,	0.4,	0.52,	0.57
0.48,	0.23,	0.41,	0.49,	0.56
0.34,	0.26,	0.42,	0.45,	0.55
0.2,	0.29,	0.42,	0.41,	0.54
0.12,	0.3,	0.42,	0.39,	0.54
0.12,	0.3,	0.43,	0.38,	0.53
0.1,	0.32,	0.44,	0.38,	0.53
0.09,	0.33,	0.45,	0.42,	0.53
0.07,	0.33,	0.45,	0.47,	0.53
0.04,	0.32,	0.44,	0.55,	0.54
0.05,	0.3,	0.4,	0.65,	0.55
0.05,	0.3,	0.38,	0.77,	0.57
0.06,	0.28,	0.35,	0.9,	0.59
0.06,	0.27,	0.31,	1.05,	0.61
0.08,	0.25,	0.27,	1.19,	0.64
0.09,	0.24,	0.23,	1.32,	0.67
0.1,	0.21,	0.19,	1.44,	0.7
0.1,	0.2,	0.15,	1.54,	0.72
0.12,	0.18,	0.12,	1.61,	0.73
0.14,	0.19,	0.1,	1.64,	0.74
0.19,	0.21,	0.09,	1.65,	0.73
0.24,	0.24,	0.09,	1.62,	0.71
0.2,	0.27,	0.1,	1.56,	0.69
0.22,	0.31,	0.11,	1.48,	0.66
0.25,	0.35,	0.13,	1.39,	0.62
0.27,	0.39,	0.15,	1.29,	0.59
0.27,	0.4,	0.16,	1.19,	0.56
0.27,	0.41,	0.18,	1.09,	0.54
0.31,	0.42,	0.2,	1.0,	0.53
0.33,	0.41,	0.21,	0.93,	0.53
0.31,	0.4,	0.22,	0.88,	0.54
0.34,	0.34,	0.25,	0.83,	0.57
0.29,	0.34,	0.26,	0.8,	0.6
0.22,	0.39,	0.26,	0.78,	0.63
0.15,	0.42,	0.26,	0.77,	0.67
0.09,	0.43,	0.29,	0.77,	0.7
0.1,	0.4,	0.32,	0.77,	0.73
0.27,	0.35,	0.36,	0.77,	0.75
0.43,	0.29,	0.39,	0.77,	0.76
0.57,	0.26,	0.44,	0.77,	0.77
0.61,	0.26,	0.51,	0.78,	0.78
0.62,	0.26,	0.6,	0.79,	0.78
0.59,	0.26,	0.69,	0.81,	0.78
0.48,	0.28,	0.77,	0.83,	0.78
0.39,	0.26,	0.87,	0.87,	0.78
0.35,	0.22,	0.97,	0.91,	0.78
0.24,	0.15,	1.07,	0.98,	0.79
0.24,	0.13,	1.14,	1.05,	0.8
0.26,	0.12,	1.21,	1.14,	0.81
0.29,	0.09,	1.25,	1.23,	0.82
0.29,	0.08,	1.3,	1.33,	0.84
0.27,	0.09,	1.35,	1.42,	0.86
0.21,	0.14,	1.37,	1.51,	0.87
0.17,	0.19,	1.33,	1.59,	0.89
0.11,	0.24,	1.28,	1.65,	0.89
0.11,	0.3,	1.25,	1.7,	0.9
0.14,	0.37,	1.17,	1.73,	0.9
0.24,	0.46,	1.04,	1.74,	0.89
0.42,	0.57,	0.93,	1.75,	0.88
0.46,	0.67,	0.82,	1.76,	0.86
0.51,	0.76,	0.7,	1.78,	0.83
0.56,	0.84,	0.57,	1.8,	0.8
0.64,	0.93,	0.44,	1.84,	0.76
0.62,	1.06,	0.36,	1.89,	0.73
0.54,	1.19,	0.3,	1.95,	0.69
0.4,	1.27,	0.21,	2.02,	0.64
0.22,	1.29,	0.14,	2.09,	0.6
0.12,	1.29,	0.12,	2.15,	0.57
0.05,	1.33,	0.12,	2.19,	0.53
0.02,	1.42,	0.11,	2.22,	0.5
0.01,	1.49,	0.11,	2.23,	0.47
0.01,	1.5,	0.12,	2.21,	0.45
0.04,	1.6,	0.12,	2.17,	0.43
0.03,	1.58,	0.13,	2.1,	0.41
0.04,	1.65,	0.13,	2.02,	0.4
0.05,	1.7,	0.14,	1.93,	0.4
0.11,	1.7,	0.17,	1.84,	0.4
0.17,	1.78,	0.19,	1.74,	0.4
0.22,	1.93,	0.22,	1.65,	0.41
0.23,	2.07,	0.26,	1.57,	0.42
0.22,	2.24,	0.32,	1.5,	0.43
0.26,	2.37,	0.39,	1.43,	0.44
0.16,	2.46,	0.47,	1.36,	0.45
0.11,	2.52,	0.54,	1.3,	0.46
0.09,	2.59,	0.62,	1.23,	0.47
0.1,	2.62,	0.71,	1.16,	0.47
0.08,	2.5,	0.76,	1.08,	0.48
0.08,	2.47,	0.84,	1.0,	0.48
0.06,	2.44,	0.92,	0.92,	0.48
0.07,	2.33,	0.96,	0.84,	0.48
0.09,	2.16,	0.98,	0.77,	0.48
0.13,	1.97,	0.98,	0.71,	0.47
0.2,	1.79,	0.98,	0.66,	0.47
0.33,	1.6,	0.96,	0.62,	0.46
0.4,	1.53,	0.9,	0.6,	0.46
0.44,	1.45,	0.85,	0.59,	0.45
0.57,	1.36,	0.76,	0.59,	0.45
0.71,	1.4,	0.69,	0.61,	0.45
0.65,	1.39,	0.63,	0.64,	0.45
0.5,	1.37,	0.59,	0.67,	0.46
0.49,	1.39,	0.57,	0.71,	0.47
0.54,	1.28,	0.56,	0.75,	0.49
0.5,	1.22,	0.58,	0.79,	0.51
0.4,	1.18,	0.62,	0.84,	0.55
0.26,	1.19,	0.66,	0.88,	0.59
0.15,	1.15,	0.74,	0.92,	0.63
0.1,	1.05,	0.86,	0.96,	0.68
0.12,	0.82,	1.0,	0.99,	0.73
0.25,	0.52,	1.13,	1.02,	0.78
0.47,	0.32,	1.21,	1.03,	0.82
0.6,	0.26,	1.33,	1.03,	0.85
0.69,	0.24,	1.43,	1.03,	0.86
0.68,	0.26,	1.48,	1.01,	0.87
0.53,	0.27,	1.47,	0.99,	0.86
0.27,	0.26,	1.5,	0.97,	0.84
0.14,	0.29,	1.51,	0.95,	0.81
0.29,	0.4,	1.43,	0.93,	0.78
0.66,	0.45,	1.28,	0.91,	0.74
1.15,	0.41,	1.16,	0.91,	0.71
1.76,	0.34,	1.13,	0.91,	0.69
2.26,	0.37,	1.1,	0.93,	0.67
2.64,	0.53,	0.91,	0.94,	0.66
2.85,	0.82,	0.76,	0.97,	0.66
2.63,	0.94,	0.86,	0.99,	0.68
2.09,	0.92,	0.89,	1.01,	0.7
1.4,	0.9,	0.65,	1.04,	0.73
0.9,	1.06,	0.54,	1.03,	0.77
0.71,	1.3,	0.65,	1.03,	0.82
0.68,	1.47,	0.66,	1.01,	0.87
0.93,	1.47,	0.54,	0.99,	0.92
1.25,	1.2,	0.43,	0.94,	0.97
1.55,	0.93,	0.4,	0.9,	1.02
1.69,	0.92,	0.42,	0.84,	1.07
1.79,	1.17,	0.43,	0.78,	1.11
1.71,	1.36,	0.33,	0.72,	1.13
1.5,	1.28,	0.26,	0.66,	1.15
1.21,	1.01,	0.3,	0.62,	1.15
0.94,	0.78,	0.32,	0.58,	1.13
0.81,	0.78,	0.31,	0.57,	1.11
0.71,	0.89,	0.34,	0.58,	1.08
0.56,	0.85,	0.38,	0.61,	1.05
0.48,	0.82,	0.45,	0.65,	1.02
0.5,	0.86,	0.51,	0.71,	1.01
0.67,	0.9,	0.6,	0.78,	1.0
1.14,	0.82,	0.75,	0.84,	1.0
1.89,	0.58,	0.78,	0.89,	1.01
3.51,	0.52,	0.88,	0.91,	1.03
5.4,	0.9,	1.16,	0.93,	1.05
7.4,	1.42,	1.17,	0.91,	1.06
9.69,	1.69,	0.98,	0.88,	1.07
11.84,	1.39,	1.13,	0.83,	1.06
13.98,	0.94,	1.31,	0.75,	1.05
16.26,	1.01,	1.18,	0.7,	1.02
18.18,	1.69,	1.02,	0.62,	0.99
19.16,	2.29,	0.93,	0.57,	0.95
19.19,	2.3,	0.86,	0.56,	0.91
18.43,	1.74,	0.84,	0.51,	0.87
17.13,	1.21,	0.67,	0.57,	0.83
15.6,	1.24,	0.45,	0.56,	0.8
13.96,	1.7,	0.64,	0.63,	0.77
11.94,	1.82,	0.73,	0.68,	0.75
9.79,	1.55,	0.44,	0.72,	0.73
7.86,	1.08,	0.38,	0.78,	0.72
6.17,	0.81,	0.67,	0.82,	0.7
4.7,	0.82,	0.8,	0.83,	0.68
3.42,	0.91,	0.86,	0.86,	0.65
2.52,	0.83,	0.86,	0.85,	0.62
1.8,	0.66,	0.85,	0.85,	0.59
1.28,	0.61,	1.02,	0.86,	0.55
1.08,	0.72,	1.16,	0.85,	0.51
1.04,	0.75,	1.13,	0.86,	0.48
1.05,	0.67,	1.1,	0.87,	0.44
1.18,	0.66,	1.09,	0.89,	0.41
1.42,	0.65,	1.06,	0.91,	0.39
1.91,	0.59,	1.04,	0.93,	0.37
2.86,	0.43,	1.1,	0.95,	0.36
4.46,	0.35,	1.12,	0.97,	0.35
6.32,	0.52,	1.04,	0.96,	0.35
8.08,	0.78,	1.07,	0.96,	0.35
8.7,	0.74,	1.15,	0.94,	0.35
8.56,	0.52,	1.11,	0.91,	0.36
7.47,	0.46,	1.01,	0.89,	0.37
5.75,	0.97,	1.18,	0.84,	0.38
4.11,	1.61,	1.32,	0.81,	0.38
2.92,	1.95,	1.05,	0.77,	0.39
2.85,	1.96,	0.73,	0.73,	0.4
4.16,	1.91,	0.84,	0.71,	0.4
6.31,	2.0,	0.97,	0.67,	0.4
8.76,	2.11,	0.82,	0.65,	0.41
10.6,	1.91,	0.55,	0.62,	0.41
11.15,	1.43,	0.48,	0.59,	0.41
10.24,	1.0,	0.63,	0.55,	0.41
8.08,	1.05,	0.74,	0.52,	0.41
5.23,	1.68,	0.56,	0.47,	0.41
2.69,	2.23,	0.56,	0.45,	0.41
1.09,	2.13,	0.74,	0.43,	0.4
0.42,	1.51,	0.74,	0.43,	0.4
0.94,	0.81,	0.66,	0.46,	0.4
2.12,	0.42,	0.7,	0.51,	0.41
2.82,	0.37,	0.72,	0.58,	0.41
3.26,	0.42,	0.67,	0.68,	0.42
3.35,	0.5,	0.62,	0.8,	0.43
3.3,	0.61,	0.55,	0.92,	0.45
2.86,	0.79,	0.53,	1.04,	0.47
2.21,	0.95,	0.49,	1.15,	0.49
1.55,	1.02,	0.37,	1.25,	0.52
0.91,	1.04,	0.24,	1.32,	0.54
0.68,	1.14,	0.22,	1.37,	0.55
0.57,	1.3,	0.21,	1.39,	0.56
0.54,	1.47,	0.2,	1.39,	0.57
0.53,	1.62,	0.19,	1.38,	0.56
0.47,	1.79,	0.21,	1.35,	0.56
0.4,	1.95,	0.22,	1.32,	0.54
0.4,	1.96,	0.24,	1.29,	0.53
0.46,	1.98,	0.28,	1.26,	0.51
0.43,	1.94,	0.31,	1.23,	0.5
0.47,	1.95,	0.35,	1.21,	0.48
0.58,	1.91,	0.39,	1.19,	0.48
0.78,	1.78,	0.41,	1.16,	0.47
1.01,	1.74,	0.45,	1.13,	0.47
1.16,	1.94,	0.49,	1.1,	0.48
1.14,	2.17,	0.5,	1.06,	0.48
1.04,	2.39,	0.48,	1.02,	0.49
0.87,	2.36,	0.48,	0.99,	0.5
0.61,	2.15,	0.53,	0.96,	0.51
0.39,	1.9,	0.56,	0.94,	0.52
0.27,	1.86,	0.49,	0.94,	0.52
0.17,	1.97,	0.44,	0.95,	0.53
0.13,	2.05,	0.46,	0.98,	0.54
0.14,	2.03,	0.48,	1.04,	0.56
0.24,	1.93,	0.5,	1.12,	0.57
0.47,	1.68,	0.47,	1.22,	0.59
0.87,	1.39,	0.48,	1.35,	0.62
1.12,	1.31,	0.56,	1.53,	0.64
1.34,	1.39,	0.63,	1.73,	0.67
1.37,	1.39,	0.64,	1.98,	0.7
1.26,	1.28,	0.65,	2.25,	0.72
1.05,	1.09,	0.69,	2.54,	0.74
0.69,	0.93,	0.8,	2.83,	0.75
0.35,	1.05,	0.86,	3.09,	0.75
0.17,	1.21,	0.77,	3.32,	0.73
0.11,	1.17,	0.74,	3.48,	0.71
0.12,	1.11,	0.74,	3.56,	0.68
0.17,	1.1,	0.74,	3.56,	0.63
0.28,	1.1,	0.72,	3.47,	0.59
0.3,	1.13,	0.72,	3.29,	0.54
0.2,	1.13,	0.72,	3.04,	0.5
0.18,	1.28,	0.73,	2.75,	0.46
0.37,	1.6,	0.79,	2.4,	0.43
0.68,	1.85,	0.85,	2.06,	0.4
1.2,	1.92,	0.86,	1.73,	0.38
2.28,	1.77,	0.85,	1.41,	0.38
3.71,	1.68,	1.02,	1.18,	0.38
5.41,	1.98,	1.16,	0.95,	0.39
6.88,	2.62,	0.97,	0.81,	0.4
8.47,	3.43,	0.83,	0.7,	0.42
9.57,	3.69,	1.07,	0.63,	0.44
10.07,	3.32,	1.15,	0.62,	0.47
10.02,	2.58,	0.83,	0.58,	0.5
9.37,	2.42,	0.62,	0.62,	0.53
7.78,	3.03,	0.7,	0.62,	0.57
5.75,	3.97,	0.78,	0.66,	0.61
3.54,	4.53,	0.67,	0.72,	0.66
1.62,	4.29,	0.5,	0.77,	0.72
0.77,	3.45,	0.49,	0.84,	0.77
0.95,	2.85,	0.61,	0.91,	0.83
1.99,	3.03,	0.6,	0.98,	0.89
3.47,	3.58,	0.57,	1.04,	0.94
4.63,	3.68,	0.64,	1.1,	0.99
5.05,	3.13,	0.63,	1.14,	1.02
5.42,	2.19,	0.62,	1.17,	1.04
5.5,	1.5,	0.74,	1.19,	1.04
5.13,	1.55,	0.77,	1.16,	1.03
4.38,	1.87,	0.68,	1.14,	1.0
3.57,	2.07,	0.61,	1.09,	0.96
2.93,	1.96,	0.59,	1.04,	0.91
2.53,	1.75,	0.58,	0.97,	0.86
2.35,	1.67,	0.53,	0.89,	0.81
2.63,	1.92,	0.48,	0.81,	0.77
3.46,	2.26,	0.44,	0.73,	0.73
5.74,	2.71,	0.42,	0.66,	0.71
8.8,	3.22,	0.54,	0.6,	0.71
11.82,	3.46,	0.57,	0.54,	0.72
14.16,	3.17,	0.4,	0.49,	0.74
15.52,	2.54,	0.36,	0.47,	0.77
15.28,	2.16,	0.53,	0.45,	0.81
13.07,	2.72,	0.66,	0.44,	0.85
9.79,	4.09,	0.63,	0.46,	0.89
6.46,	5.28,	0.42,	0.48,	0.93
4.21,	5.16,	0.44,	0.52,	0.96
3.39,	3.85,	0.74,	0.58,	0.98
4.04,	2.16,	0.69,	0.64,	1.0
5.3,	1.02,	0.49,	0.73,	1.02
5.87,	0.71,	0.52,	0.83,	1.04
5.63,	0.76,	0.54,	0.93,	1.05
4.8,	0.93,	0.49,	1.04,	1.07
3.47,	1.13,	0.48,	1.14,	1.08
2.09,	1.16,	0.49,	1.23,	1.09
0.92,	1.0,	0.5,	1.32,	1.1
0.35,	0.7,	0.49,	1.39,	1.09
0.25,	0.49,	0.48,	1.46,	1.08
0.28,	0.4,	0.52,	1.5,	1.06
0.26,	0.36,	0.59,	1.54,	1.03
0.25,	0.3,	0.72,	1.55,	1.0
0.39,	0.29,	0.92,	1.56,	0.95
0.68,	0.33,	1.1,	1.55,	0.9
1.1,	0.36,	1.25,	1.52,	0.85
1.44,	0.32,	1.43,	1.48,	0.8
1.7,	0.23,	1.59,	1.43,	0.76
1.9,	0.16,	1.72,	1.37,	0.74
1.99,	0.18,	1.85,	1.29,	0.72
1.89,	0.27,	1.87,	1.21,	0.72
1.64,	0.33,	1.79,	1.12,	0.72
1.19,	0.39,	1.73,	1.04,	0.74
0.77,	0.47,	1.66,	0.96,	0.76
0.36,	0.58,	1.52,	0.88,	0.78
0.24,	0.71,	1.35,	0.83,	0.8
0.27,	0.82,	1.17,	0.78,	0.82
0.29,	0.95,	1.02,	0.76,	0.84
0.26,	1.09,	0.9,	0.75,	0.85
0.2,	1.21,	0.8,	0.76,	0.86
0.18,	1.31,	0.77,	0.79,	0.87
0.2,	1.38,	0.74,	0.82,	0.87
0.26,	1.46,	0.72,	0.85,	0.87
0.2,	1.43,	0.77,	0.88,	0.86
0.09,	1.43,	0.81,	0.9,	0.85
0.08,	1.29,	0.85,	0.91,	0.84
0.09,	1.11,	0.89,	0.91,	0.82
0.08,	0.89,	0.92,	0.9,	0.8
0.07,	0.69,	0.95,	0.89,	0.78
0.07,	0.55,	0.97,	0.88,	0.76
0.06,	0.44,	0.97,	0.87,	0.76
0.03,	0.36,	0.98,	0.87,	0.78
0.01,	0.38,	0.94,	0.9,	0.81
0.02,	0.45,	0.9,	0.95,	0.86
0.1,	0.54,	0.86,	1.02,	0.93
0.18,	0.75,	0.79,	1.12,	1.02
0.2,	0.97,	0.73,	1.23,	1.12
0.28,	1.25,	0.67,	1.35,	1.22
0.36,	1.55,	0.62,	1.46,	1.31
0.53,	1.88,	0.58,	1.56,	1.38
0.79,	2.24,	0.53,	1.65,	1.43
0.99,	2.46,	0.55,	1.7,	1.46
1.22,	2.62,	0.57,	1.72,	1.45
1.38,	2.66,	0.6,	1.72,	1.4
1.38,	2.61,	0.61,	1.69,	1.34
1.59,	2.59,	0.67,	1.64,	1.25
1.91,	2.46,	0.73,	1.58,	1.14
2.21,	2.24,	0.8,	1.53,	1.04
2.49,	2.01,	0.86,	1.49,	0.93
2.75,	1.74,	0.91,	1.47,	0.84
2.88,	1.47,	0.94,	1.49,	0.77
2.89,	1.21,	0.96,	1.53,	0.73
2.99,	0.91,	0.95,	1.61,	0.71
2.87,	0.57,	0.93,	1.71,	0.72
2.95,	0.37,	0.89,	1.83,	0.76
3.09,	0.22,	0.81,	1.96,	0.82
2.56,	0.16,	0.75,	2.08,	0.89
1.66,	0.1,	0.67,	2.19,	0.97
1.44,	0.07,	0.57,	2.27,	1.05
1.27,	0.05,	0.47,	2.32,	1.13
1.26,	0.07,	0.42,	2.33,	1.19
1.19,	0.08,	0.37,	2.31,	1.23
0.97,	0.1,	0.41,	2.25,	1.25
0.75,	0.12,	0.5,	2.16,	1.25
0.47,	0.18,	0.59,	2.05,	1.23
0.19,	0.25,	0.71,	1.92,	1.2
0.08,	0.29,	0.86,	1.78,	1.15
0.11,	0.32,	1.02,	1.64,	1.1
0.1,	0.33,	1.16,	1.5,	1.05
0.12,	0.36,	1.29,	1.36,	1.0
0.16,	0.39,	1.38,	1.24,	0.95
0.22,	0.42,	1.45,	1.13,	0.91
0.3,	0.43,	1.47,	1.03,	0.88
0.37,	0.41,	1.42,	0.94,	0.85
0.56,	0.44,	1.35,	0.86,	0.83
0.61,	0.41,	1.28,	0.79,	0.8
0.8,	0.41,	1.16,	0.73,	0.77
0.93,	0.41,	1.06,	0.67,	0.73
1.03,	0.45,	0.97,	0.61,	0.69
1.09,	0.46,	0.93,	0.56,	0.65
1.22,	0.48,	0.94,	0.52,	0.62
1.42,	0.49,	0.99,	0.48,	0.58
1.55,	0.5,	1.09,	0.45,	0.56
1.64,	0.51,	1.23,	0.43,	0.54
1.48,	0.53,	1.41,	0.42,	0.54
1.44,	0.52,	1.59,	0.43,	0.55
1.28,	0.59,	1.79,	0.45,	0.57
1.13,	0.55,	1.94,	0.49,	0.6
0.82,	0.46,	2.01,	0.56,	0.64
0.55,	0.32,	2.01,	0.64,	0.68
0.3,	0.18,	2.03,	0.74,	0.73
0.2,	0.13,	1.96,	0.85,	0.78
0.21,	0.13,	1.84,	0.98,	0.82
0.24,	0.13,	1.67,	1.1,	0.86
0.26,	0.15,	1.47,	1.21,	0.9
0.27,	0.18,	1.27,	1.3,	0.93
0.27,	0.21,	1.11,	1.36,	0.95
0.28,	0.22,	0.97,	1.39,	0.96
0.3,	0.24,	0.88,	1.37,	0.96
0.23,	0.23,	0.82,	1.32,	0.95
0.18,	0.24,	0.82,	1.24,	0.94
0.27,	0.24,	0.82,	1.13,	0.92
0.31,	0.23,	0.88,	1.0,	0.9
0.29,	0.23,	0.92,	0.86,	0.88
0.24,	0.26,	0.96,	0.73,	0.87
0.19,	0.32,	1.0,	0.6,	0.86
0.15,	0.28,	0.99,	0.5,	0.86
0.11,	0.21,	0.94,	0.43,	0.86
0.12,	0.14,	0.91,	0.38,	0.87
0.19,	0.15,	0.87,	0.36,	0.89
0.27,	0.19,	0.8,	0.35,	0.9
0.31,	0.2,	0.73,	0.36,	0.9
0.35,	0.24,	0.67,	0.37,	0.9
0.34,	0.27,	0.62,	0.39,	0.89
0.49,	0.36,	0.56,	0.4,	0.87
0.53,	0.46,	0.54,	0.41,	0.84
0.68,	0.56,	0.54,	0.41,	0.8
0.93,	0.64,	0.54,	0.41,	0.76
1.12,	0.73,	0.5,	0.4,	0.71
1.15,	0.8,	0.51,	0.4,	0.67
1.0,	0.86,	0.54,	0.4,	0.62
0.59,	1.0,	0.53,	0.42,	0.59
0.23,	1.23,	0.51,	0.43,	0.57
0.16,	1.36,	0.51,	0.48,	0.56
0.42,	1.25,	0.49,	0.53,	0.57
1.07,	0.91,	0.51,	0.59,	0.58
1.85,	0.54,	0.53,	0.68,	0.59
2.67,	0.33,	0.45,	0.76,	0.62
3.23,	0.38,	0.43,	0.85,	0.64
3.32,	0.53,	0.51,	0.94,	0.66
3.04,	0.71,	0.5,	1.01,	0.68
2.36,	0.71,	0.4,	1.08,	0.69
1.6,	0.53,	0.5,	1.14,	0.69
1.05,	0.34,	0.58,	1.16,	0.7
0.86,	0.34,	0.57,	1.19,	0.69
1.04,	0.45,	0.58,	1.19,	0.69
1.27,	0.43,	0.59,	1.18,	0.68
1.65,	0.29,	0.65,	1.16,	0.67
2.15,	0.19,	0.72,	1.14,	0.67
2.73,	0.23,	0.72,	1.14,	0.66
3.44,	0.42,	0.8,	1.13,	0.65
4.08,	0.57,	0.88,	1.16,	0.64
4.27,	0.5,	0.83,	1.2,	0.64
4.35,	0.35,	0.8,	1.28,	0.64
4.15,	0.28,	0.88,	1.37,	0.64
3.6,	0.34,	0.89,	1.48,	0.65
2.84,	0.45,	0.85,	1.61,	0.66
1.97,	0.57,	0.82,	1.74,	0.67
1.36,	0.68,	0.81,	1.86,	0.68
0.97,	0.8,	0.85,	1.96,	0.7
1.0,	0.92,	0.88,	2.03,	0.72
1.27,	1.1,	0.96,	2.05,	0.74
1.82,	1.41,	1.09,	2.03,	0.76
2.59,	1.9,	1.09,	1.96,	0.77
3.41,	2.18,	1.07,	1.86,	0.78
4.03,	1.95,	1.12,	1.71,	0.78
4.72,	1.51,	1.31,	1.57,	0.78
5.86,	1.55,	1.41,	1.42,	0.77
7.32,	2.32,	1.12,	1.27,	0.77
9.41,	3.51,	0.96,	1.17,	0.76
12.35,	4.31,	1.19,	1.09,	0.74
15.66,	3.91,	1.19,	1.04,	0.73
19.87,	2.59,	0.96,	1.05,	0.72
25.03,	1.33,	0.72,	1.05,	0.7
28.72,	1.12,	0.66,	1.08,	0.69
30.78,	2.15,	0.95,	1.12,	0.67
30.88,	3.63,	0.84,	1.15,	0.65
29.52,	4.37,	0.37,	1.15,	0.63
26.89,	3.7,	0.44,	1.16,	0.6
23.58,	2.27,	0.7,	1.1,	0.57
19.86,	1.17,	0.59,	1.05,	0.55
16.42,	1.01,	0.51,	1.0,	0.53
12.84,	1.12,	0.49,	0.9,	0.52
9.23,	1.08,	0.36,	0.86,	0.53
5.86,	1.01,	0.38,	0.8,	0.55
3.37,	0.93,	0.55,	0.8,	0.6
1.77,	0.8,	0.63,	0.84,	0.67
0.95,	0.61,	0.6,	0.92,	0.75
0.64,	0.45,	0.63,	1.04,	0.85
0.51,	0.47,	0.74,	1.22,	0.95
0.52,	0.67,	0.86,	1.42,	1.06
0.65,	0.94,	1.01,	1.64,	1.16
1.19,	1.31,	1.27,	1.86,	1.24
2.03,	1.89,	1.66,	2.06,	1.3
3.49,	2.67,	1.95,	2.23,	1.34
5.38,	3.45,	2.13,	2.33,	1.35
7.72,	4.21,	2.57,	2.41,	1.34
9.98,	4.97,	3.18,	2.41,	1.31
11.8,	5.64,	3.78,	2.34,	1.26
12.48,	5.74,	4.09,	2.27,	1.2
11.34,	5.15,	3.78,	2.1,	1.14
8.7,	4.72,	3.93,	1.93,	1.08
5.44,	5.57,	4.87,	1.77,	1.03
3.23,	7.71,	4.73,	1.54,	0.98
3.42,	9.52,	3.63,	1.4,	0.95
6.29,	9.17,	3.27,	1.26,	0.92
10.86,	6.81,	3.36,	1.11,	0.9
17.21,	3.69,	3.28,	1.07,	0.88
22.95,	1.89,	2.68,	0.97,	0.87
25.6,	1.74,	1.76,	0.93,	0.86
24.67,	2.49,	1.5,	0.91,	0.86
21.14,	3.53,	1.83,	0.87,	0.85
15.6,	4.11,	1.77,	0.85,	0.85
9.24,	4.13,	1.22,	0.83,	0.84
5.36,	2.85,	1.01,	0.77,	0.84
3.59,	1.46,	1.28,	0.73,	0.83
3.11,	0.78,	1.5,	0.68,	0.82
3.36,	0.83,	1.34,	0.63,	0.82
3.44,	0.88,	1.13,	0.59,	0.81
3.14,	0.77,	1.04,	0.56,	0.8
2.64,	0.69,	0.99,	0.55,	0.79
1.88,	0.76,	0.93,	0.56,	0.78
1.33,	0.87,	0.76,	0.6,	0.78
1.0,	0.83,	0.61,	0.66,	0.79
0.92,	0.71,	0.54,	0.74,	0.8
1.05,	0.65,	0.5,	0.83,	0.81
1.18,	0.62,	0.49,	0.93,	0.84
1.26,	0.6,	0.51,	1.03,	0.87
1.44,	0.57,	0.55,	1.11,	0.9
1.56,	0.61,	0.61,	1.18,	0.94
1.54,	0.74,	0.74,	1.2,	0.98
1.55,	0.84,	0.79,	1.2,	1.02
1.33,	0.92,	0.81,	1.17,	1.06
1.03,	1.0,	0.86,	1.11,	1.1
0.87,	1.1,	0.93,	1.02,	1.13
0.76,	1.17,	0.93,	0.93,	1.15
0.76,	1.16,	0.88,	0.82,	1.17
0.83,	1.06,	0.84,	0.73,	1.19
0.87,	0.95,	0.79,	0.64,	1.19
0.93,	0.83,	0.74,	0.59,	1.18
1.04,	0.74,	0.66,	0.56,	1.15
1.09,	0.65,	0.59,	0.57,	1.12
1.1,	0.56,	0.52,	0.61,	1.06
1.07,	0.46,	0.47,	0.7,	1.0
0.86,	0.31,	0.39,	0.82,	0.93
0.53,	0.25,	0.33,	0.95,	0.85
0.33,	0.33,	0.38,	1.12,	0.76
0.17,	0.37,	0.4,	1.3,	0.68
0.08,	0.34,	0.38,	1.48,	0.6
0.08,	0.25,	0.4,	1.65,	0.53
0.2,	0.17,	0.48,	1.79,	0.47
0.34,	0.18,	0.56,	1.92,	0.42
0.59,	0.25,	0.63,	2.0,	0.39
0.69,	0.31,	0.68,	2.05,	0.37
0.75,	0.35,	0.74,	2.06,	0.37
0.76,	0.4,	0.81,	2.03,	0.38
0.67,	0.5,	0.87,	1.98,	0.41
0.51,	0.66,	0.85,	1.89,	0.45
0.37,	0.77,	0.84,	1.78,	0.5
0.25,	0.82,	0.83,	1.67,	0.55
0.12,	0.86,	0.78,	1.55,	0.6
0.09,	0.93,	0.74,	1.45,	0.66
0.16,	1.02,	0.7,	1.34,	0.71
0.27,	1.04,	0.64,	1.26,	0.75
0.31,	0.96,	0.59,	1.19,	0.78
0.38,	0.82,	0.56,	1.15,	0.79
0.38,	0.71,	0.53,	1.12,	0.8
0.47,	0.67,	0.56,	1.11,	0.79
0.47,	0.63,	0.57,	1.11,	0.77
0.45,	0.56,	0.57,	1.12,	0.75
0.53,	0.52,	0.59,	1.13,	0.72
0.63,	0.41,	0.66,	1.15,	0.7
0.85,	0.3,	0.73,	1.17,	0.67
1.1,	0.31,	0.72,	1.2,	0.66
1.29,	0.36,	0.73,	1.22,	0.64
1.53,	0.4,	0.74,	1.24,	0.63
1.81,	0.44,	0.74,	1.25,	0.63
1.9,	0.46,	0.73,	1.26,	0.63
2.1,	0.48,	0.71,	1.26,	0.62
2.2,	0.48,	0.68,	1.25,	0.62
2.43,	0.44,	0.64,	1.23,	0.62
2.53,	0.44,	0.62,	1.2,	0.62
2.47,	0.48,	0.61,	1.16,	0.61
2.21,	0.55,	0.57,	1.12,	0.61
1.81,	0.56,	0.49,	1.06,	0.61
1.31,	0.46,	0.49,	1.0,	0.61
1.17,	0.37,	0.5,	0.93,	0.61
0.91,	0.26,	0.48,	0.86,	0.62
0.88,	0.24,	0.47,	0.79,	0.63
0.96,	0.23,	0.48,	0.73,	0.64
1.11,	0.19,	0.47,	0.68,	0.65
1.15,	0.21,	0.52,	0.66,	0.67
1.05,	0.27,	0.61,	0.66,	0.69
0.82,	0.37,	0.72,	0.71,	0.71
0.53,	0.46,	0.8,	0.81,	0.74
0.32,	0.49,	0.91,	0.96,	0.78
0.12,	0.51,	1.09,	1.17,	0.82
0.05,	0.59,	1.25,	1.42,	0.87
0.03,	0.71,	1.39,	1.7,	0.92
0.03,	0.85,	1.55,	2.0,	0.96
0.03,	0.98,	1.68,	2.3,	1.0
0.04,	1.13,	1.8,	2.57,	1.04
0.05,	1.24,	1.88,	2.79,	1.06
0.06,	1.37,	1.9,	2.94,	1.06
0.08,	1.47,	1.89,	3.02,	1.06
0.1,	1.56,	1.83,	3.01,	1.04
0.08,	1.59,	1.73,	2.91,	1.02
0.1,	1.64,	1.61,	2.74,	0.99
0.14,	1.65,	1.47,	2.51,	0.96
0.14,	1.66,	1.33,	2.24,	0.93
0.14,	1.64,	1.18,	1.94,	0.91
0.14,	1.58,	1.04,	1.65,	0.89
0.18,	1.45,	0.9,	1.37,	0.88
0.2,	1.35,	0.8,	1.14,	0.88
0.11,	1.26,	0.72,	0.94,	0.88
0.08,	1.16,	0.68,	0.8,	0.88
0.07,	1.04,	0.66,	0.71,	0.89
0.07,	0.93,	0.66,	0.67,	0.9
0.06,	0.73,	0.67,	0.68,	0.91
0.15,	0.55,	0.71,	0.71,	0.93
0.3,	0.51,	0.77,	0.76,	0.96
0.39,	0.52,	0.83,	0.83,	0.99
0.55,	0.53,	0.9,	0.89,	1.03
0.67,	0.49,	0.96,	0.95,	1.07
0.77,	0.44,	1.03,	1.0,	1.12
0.92,	0.39,	1.13,	1.02,	1.16
0.97,	0.45,	1.2,	1.03,	1.2
0.94,	0.53,	1.23,	1.02,	1.24
0.95,	0.57,	1.27,	0.98,	1.26
0.9,	0.61,	1.3,	0.94,	1.28
0.83,	0.63,	1.33,	0.88,	1.3
0.75,	0.64,	1.33,	0.81,	1.3
0.68,	0.64,	1.33,	0.75,	1.29
0.59,	0.62,	1.32,	0.69,	1.28
0.38,	0.68,	1.3,	0.63,	1.26
0.25,	0.69,	1.3,	0.59,	1.23
0.16,	0.65,	1.28,	0.57,	1.21
0.17,	0.53,	1.18,	0.56,	1.18
0.39,	0.38,	1.07,	0.56,	1.15
0.69,	0.36,	1.05,	0.58,	1.13
0.81,	0.39,	0.97,	0.61,	1.11
0.86,	0.42,	0.85,	0.66,	1.11
0.91,	0.43,	0.74,	0.71,	1.11
0.92,	0.43,	0.63,	0.76,	1.13
0.85,	0.44,	0.55,	0.81,	1.15
0.62,	0.49,	0.45,	0.87,	1.19
0.5,	0.48,	0.34,	0.91,	1.22
0.47,	0.43,	0.28,	0.94,	1.26
0.56,	0.41,	0.24,	0.96,	1.29
0.61,	0.38,	0.22,	0.97,	1.31
0.6,	0.35,	0.21,	0.97,	1.31
0.63,	0.32,	0.22,	0.96,	1.31
0.62,	0.32,	0.23,	0.94,	1.28
0.61,	0.39,	0.23,	0.92,	1.25
0.57,	0.43,	0.24,	0.9,	1.21
0.52,	0.42,	0.26,	0.9,	1.17
0.41,	0.4,	0.25,	0.9,	1.13
0.27,	0.4,	0.27,	0.92,	1.09
0.25,	0.46,	0.3,	0.95,	1.07
0.3,	0.51,	0.3,	0.99,	1.05
0.42,	0.52,	0.29,	1.05,	1.05
0.59,	0.49,	0.3,	1.11,	1.05
0.78,	0.44,	0.32,	1.18,	1.05
1.09,	0.39,	0.35,	1.24,	1.06
1.25,	0.43,	0.36,	1.29,	1.07
1.29,	0.51,	0.34,	1.33,	1.07
1.17,	0.61,	0.39,	1.35,	1.07
0.89,	0.66,	0.45,	1.34,	1.05
0.5,	0.65,	0.43,	1.32,	1.04
0.18,	0.59,	0.37,	1.28,	1.01
0.09,	0.6,	0.4,	1.21,	0.99
0.12,	0.7,	0.44,	1.14,	0.96
0.26,	0.83,	0.44,	1.06,	0.92
0.35,	0.84,	0.42,	0.96,	0.89
0.45,	0.73,	0.41,	0.89,	0.86
0.45,	0.6,	0.43,	0.81,	0.83
0.43,	0.53,	0.5,	0.77,	0.81
0.37,	0.61,	0.5,	0.74,	0.79
0.34,	0.75,	0.46,	0.72,	0.79
0.31,	0.71,	0.51,	0.75,	0.79
0.38,	0.53,	0.62,	0.78,	0.8
0.57,	0.29,	0.6,	0.85,	0.82
0.93,	0.11,	0.57,	0.92,	0.85
1.21,	0.09,	0.6,	0.98,	0.88
1.18,	0.13,	0.61,	1.06,	0.91
1.1,	0.17,	0.59,	1.13,	0.93
0.92,	0.15,	0.55,	1.2,	0.94
0.66,	0.08,	0.52,	1.26,	0.93
0.43,	0.03,	0.52,	1.3,	0.92
0.26,	0.02,	0.47,	1.34,	0.88
0.13,	0.04,	0.41,	1.37,	0.84
0.1,	0.04,	0.38,	1.38,	0.79
0.13,	0.05,	0.36,	1.38,	0.73
0.2,	0.07,	0.35,	1.38,	0.68
0.29,	0.11,	0.37,	1.36,	0.63
0.42,	0.14,	0.42,	1.33,	0.6
0.84,	0.23,	0.47,	1.29,	0.58
1.55,	0.31,	0.51,	1.25,	0.57
2.58,	0.31,	0.56,	1.21,	0.58
3.74,	0.24,	0.58,	1.15,	0.6
5.19,	0.25,	0.67,	1.11,	0.64
6.81,	0.4,	0.75,	1.07,	0.68
7.98,	0.56,	0.65,	1.04,	0.74
8.71,	0.66,	0.65,	1.05,	0.79
8.97,	0.63,	0.76,	1.1,	0.85
8.61,	0.5,	0.69,	1.15,	0.9
7.86,	0.46,	0.6,	1.3,	0.96
6.95,	0.59,	0.53,	1.42,	1.0
6.01,	0.76,	0.52,	1.58,	1.03
5.14,	0.82,	0.57,	1.8,	1.06
4.46,	0.73,	0.38,	1.96,	1.07
3.93,	0.57,	0.23,	2.16,	1.07
3.45,	0.48,	0.39,	2.34,	1.06
2.95,	0.44,	0.36,	2.46,	1.05
2.23,	0.43,	0.22,	2.58,	1.02
1.46,	0.44,	0.23,	2.63,	1.0
0.97,	0.46,	0.27,	2.65,	0.97
0.56,	0.53,	0.31,	2.63,	0.94
0.38,	0.67,	0.38,	2.56,	0.92
0.48,	0.74,	0.45,	2.45,	0.91
0.68,	0.77,	0.57,	2.31,	0.91
0.74,	0.78,	0.72,	2.15,	0.92
0.76,	0.81,	0.89,	1.96,	0.93
0.72,	0.85,	1.07,	1.77,	0.95
0.58,	0.89,	1.25,	1.57,	0.98
0.54,	0.84,	1.38,	1.37,	1.01
0.66,	0.76,	1.48,	1.19,	1.04
0.98,	0.7,	1.63,	1.02,	1.07
1.3,	0.76,	1.72,	0.87,	1.09
1.89,	0.92,	1.7,	0.77,	1.11
2.63,	1.15,	1.62,	0.7,	1.11
3.58,	1.34,	1.67,	0.69,	1.11
4.78,	1.39,	1.77,	0.71,	1.1
6.13,	1.17,	1.64,	0.8,	1.08
7.15,	0.78,	1.26,	0.9,	1.06
7.52,	0.54,	1.2,	1.03,	1.04
6.93,	0.7,	1.43,	1.17,	1.01
5.57,	1.26,	1.36,	1.32,	0.99
3.87,	1.77,	0.94,	1.45,	0.97
2.48,	1.79,	0.96,	1.57,	0.95
1.77,	1.34,	1.18,	1.66,	0.94
1.91,	0.94,	1.11,	1.75,	0.94
3.03,	1.02,	0.94,	1.78,	0.94
4.4,	1.34,	0.98,	1.81,	0.94
5.19,	1.42,	1.07,	1.82,	0.94
5.55,	1.25,	1.14,	1.79,	0.94
5.43,	0.98,	1.19,	1.77,	0.94
4.78,	0.91,	1.21,	1.71,	0.93
3.75,	1.1,	1.33,	1.66,	0.91
2.56,	1.36,	1.48,	1.62,	0.89
1.43,	1.46,	1.47,	1.57,	0.87
0.68,	1.26,	1.45,	1.55,	0.85
0.31,	0.92,	1.54,	1.53,	0.83
0.3,	0.75,	1.53,	1.53,	0.81
0.37,	0.65,	1.5,	1.56,	0.8
0.43,	0.56,	1.47,	1.6,	0.79
0.39,	0.41,	1.42,	1.64,	0.78
0.42,	0.44,	1.46,	1.72,	0.78
0.46,	0.62,	1.44,	1.78,	0.78
0.54,	0.72,	1.46,	1.84,	0.78
0.63,	0.6,	1.56,	1.89,	0.79
0.8,	0.33,	1.55,	1.88,	0.8
1.33,	0.22,	1.67,	1.88,	0.81
2.29,	0.5,	2.03,	1.8,	0.83
3.47,	0.94,	2.02,	1.71,	0.85
5.77,	1.5,	1.79,	1.6,	0.87
8.7,	1.95,	2.04,	1.43,	0.9
11.9,	2.27,	2.28,	1.32,	0.92
16.21,	2.64,	2.04,	1.15,	0.94
19.99,	2.96,	1.8,	1.04,	0.96
21.37,	2.93,	1.79,	0.96,	0.98
20.63,	2.8,	1.86,	0.87,	0.99
17.77,	2.98,	1.78,	0.9,	1.0
13.19,	3.74,	1.44,	0.88,	1.0
8.16,	4.92,	1.21,	0.97,	1.01
4.07,	5.57,	1.44,	1.07,	1.02
1.45,	5.25,	1.56,	1.2,	1.03
0.47,	4.02,	1.21,	1.38,	1.04
0.72,	2.72,	1.08,	1.55,	1.06
1.22,	2.22,	1.17,	1.75,	1.09
1.59,	1.96,	1.19,	1.93,	1.11
1.96,	1.54,	1.27,	2.08,	1.14
2.48,	1.1,	1.28,	2.2,	1.16
3.42,	0.98,	1.17,	2.27,	1.18
4.67,	1.12,	1.11,	2.29,	1.18
6.09,	1.18,	1.1,	2.24,	1.18
8.47,	1.16,	1.06,	2.15,	1.18
12.55,	1.02,	0.94,	1.99,	1.16
18.72,	1.02,	0.85,	1.8,	1.15
25.72,	1.41,	0.96,	1.59,	1.13
32.41,	1.98,	0.99,	1.37,	1.11
37.41,	2.23,	0.72,	1.14,	1.09
40.45,	2.06,	0.59,	0.96,	1.07
40.26,	1.75,	0.81,	0.78,	1.05
36.47,	1.79,	0.97,	0.65,	1.04
29.99,	2.54,	0.8,	0.59,	1.04
22.61,	3.58,	0.5,	0.5,	1.04
16.78,	4.1,	0.57,	0.51,	1.05
12.83,	4.01,	0.77,	0.51,	1.07
10.14,	3.6,	0.74,	0.53,	1.09
9.68,	3.3,	0.66,	0.57,	1.13
10.19,	3.46,	0.67,	0.62,	1.18
10.45,	3.69,	0.64,	0.66,	1.24
10.18,	3.65,	0.63,	0.69,	1.3
8.85,	3.43,	0.72,	0.74,	1.36
7.51,	3.54,	0.82,	0.77,	1.43
6.89,	3.98,	0.76,	0.8,	1.49
6.96,	4.46,	0.7,	0.84,	1.53
7.52,	4.71,	0.7,	0.87,	1.56
8.02,	4.8,	0.7,	0.9,	1.58
8.44,	4.82,	0.72,	0.94,	1.57
8.7,	4.76,	0.75,	0.97,	1.55
7.96,	4.78,	0.75,	1.01,	1.51
7.29,	4.45,	0.71,	1.03,	1.46
7.0,	3.76,	0.73,	1.06,	1.4
7.37,	3.09,	0.75,	1.09,	1.34
7.75,	2.63,	0.74,	1.11,	1.27
7.35,	2.18,	0.73,	1.12,	1.2
6.16,	1.54,	0.7,	1.13,	1.15
4.36,	0.95,	0.68,	1.12,	1.09
3.35,	0.83,	0.68,	1.1,	1.05
3.33,	0.73,	0.69,	1.08,	1.03
3.48,	0.63,	0.71,	1.04,	1.01
3.66,	0.62,	0.76,	1.0,	1.01
3.57,	0.67,	0.78,	0.95,	1.02
3.31,	0.71,	0.76,	0.91,	1.05
3.1,	0.68,	0.77,	0.86,	1.07
2.87,	0.64,	0.81,	0.83,	1.1
2.81,	0.64,	0.82,	0.8,	1.13
2.77,	0.67,	0.8,	0.8,	1.15
3.89,	0.81,	0.83,	0.81,	1.17
5.74,	1.04,	0.79,	0.85,	1.17
7.98,	1.17,	0.61,	0.9,	1.17
9.9,	1.01,	0.49,	0.97,	1.15
11.92,	0.73,	0.57,	1.06,	1.12
12.83,	0.71,	0.59,	1.15,	1.08
12.74,	1.14,	0.41,	1.26,	1.04
11.3,	1.76,	0.25,	1.34,	1.0
9.03,	2.01,	0.25,	1.44,	0.96
6.35,	1.89,	0.28,	1.5,	0.93
3.41,	1.64,	0.28,	1.57,	0.92
1.69,	1.62,	0.17,	1.62,	0.91
1.35,	1.91,	0.13,	1.65,	0.92
1.85,	2.32,	0.13,	1.69,	0.93
2.61,	2.71,	0.11,	1.72,	0.96
3.33,	3.0,	0.1,	1.77,	0.99
3.75,	3.23,	0.1,	1.83,	1.02
4.06,	3.45,	0.1,	1.91,	1.05
4.44,	3.57,	0.1,	2.03,	1.07
4.79,	3.63,	0.09,	2.17,	1.1
5.38,	3.53,	0.09,	2.35,	1.12
5.7,	3.42,	0.09,	2.54,	1.13
6.16,	3.3,	0.08,	2.75,	1.15
6.69,	3.34,	0.08,	2.96,	1.18
7.0,	3.55,	0.1,	3.15,	1.21
7.34,	4.01,	0.11,	3.31,	1.24
7.82,	4.69,	0.16,	3.46,	1.28
7.86,	4.83,	0.18,	3.52,	1.33
7.67,	4.39,	0.27,	3.53,	1.38
7.1,	3.73,	0.41,	3.53,	1.44
6.07,	3.51,	0.47,	3.4,	1.5
4.58,	3.93,	0.53,	3.29,	1.57
3.02,	4.74,	0.7,	3.09,	1.63
1.68,	5.54,	0.91,	2.89,	1.69
0.82,	6.0,	1.19,	2.68,	1.74
0.6,	6.02,	1.58,	2.45,	1.79
1.21,	5.61,	1.86,	2.25,	1.83
2.43,	5.21,	2.11,	2.05,	1.87
3.75,	5.27,	2.43,	1.89,	1.9
4.86,	5.54,	2.71,	1.75,	1.92
6.19,	5.87,	2.93,	1.64,	1.94
7.54,	5.98,	3.08,	1.56,	1.95
8.81,	6.04,	3.11,	1.48,	1.94
9.94,	5.82,	3.18,	1.44,	1.93
10.13,	5.33,	3.14,	1.39,	1.91
10.92,	5.24,	2.87,	1.35,	1.87
11.7,	5.23,	2.61,	1.32,	1.82
13.55,	5.04,	2.41,	1.27,	1.76
15.31,	4.61,	2.2,	1.21,	1.69
16.51,	4.41,	2.05,	1.15,	1.61
17.56,	4.11,	1.94,	1.08,	1.54
18.23,	3.78,	1.88,	1.01,	1.46
17.68,	3.62,	1.83,	0.94,	1.39
16.72,	3.38,	1.82,	0.87,	1.32
16.9,	3.09,	1.85,	0.81,	1.27
16.84,	2.91,	1.88,	0.77,	1.22
16.2,	2.86,	1.97,	0.74,	1.19
13.41,	3.14,	2.25,	0.72,	1.16
9.47,	3.01,	2.23,	0.74,	1.15
5.87,	2.33,	1.88,	0.76,	1.15
3.35,	1.54,	1.57,	0.78,	1.16
1.92,	1.22,	1.6,	0.84,	1.16
1.38,	1.36,	1.63,	0.9,	1.18
1.4,	1.51,	1.43,	0.99,	1.19
1.55,	1.59,	1.24,	1.1,	1.19
1.54,	1.66,	1.06,	1.23,	1.2
1.45,	1.71,	0.92,	1.38,	1.19
1.65,	1.65,	0.82,	1.56,	1.19
1.77,	1.62,	0.73,	1.75,	1.18
1.6,	1.58,	0.66,	1.95,	1.16
1.47,	1.47,	0.59,	2.14,	1.14
1.33,	1.44,	0.57,	2.31,	1.11
1.02,	1.4,	0.56,	2.45,	1.08
0.69,	1.19,	0.57,	2.55,	1.05
0.56,	0.95,	0.62,	2.6,	1.01
0.65,	0.82,	0.72,	2.61,	0.98
0.69,	0.67,	0.87,	2.57,	0.95
0.95,	0.43,	1.1,	2.51,	0.92
1.36,	0.25,	1.43,	2.41,	0.9
1.74,	0.28,	1.86,	2.32,	0.88
1.87,	0.43,	2.31,	2.21,	0.87
1.67,	0.47,	2.75,	2.12,	0.86
1.21,	0.39,	3.21,	2.05,	0.86
0.68,	0.3,	3.83,	1.97,	0.87
0.4,	0.38,	4.46,	1.93,	0.87
0.65,	0.58,	4.68,	1.87,	0.88
1.39,	0.72,	4.63,	1.83,	0.88
2.01,	0.75,	4.73,	1.79,	0.88
3.19,	0.82,	4.86,	1.76,	0.88
4.33,	0.89,	4.55,	1.73,	0.89
5.49,	0.84,	4.02,	1.72,	0.9
5.9,	0.69,	3.73,	1.77,	0.92
5.73,	0.55,	3.78,	1.85,	0.96
4.82,	0.72,	4.11,	2.0,	1.02
3.53,	1.12,	4.5,	2.21,	1.09
1.97,	1.55,	5.19,	2.43,	1.18
1.03,	1.64,	6.73,	2.75,	1.28
0.68,	1.58,	8.71,	3.04,	1.38
0.96,	1.52,	10.69,	3.36,	1.47
2.1,	1.69,	12.52,	3.66,	1.55
3.22,	2.17,	14.33,	3.91,	1.61
3.89,	2.82,	16.05,	4.11,	1.64
5.87,	3.66,	17.62,	4.26,	1.64
8.71,	4.46,	18.04,	4.36,	1.61
12.16,	4.99,	17.46,	4.34,	1.56
16.45,	5.46,	17.18,	4.3,	1.48
21.17,	6.07,	16.6,	4.2,	1.39
25.99,	6.56,	14.8,	3.98,	1.3
29.28,	5.96,	12.55,	3.82,	1.21
30.86,	4.57,	10.37,	3.54,	1.12
30.67,	3.27,	8.51,	3.28,	1.04
29.64,	2.82,	7.02,	3.02,	0.98
28.16,	2.99,	5.35,	2.73,	0.93
27.78,	3.01,	3.9,	2.5,	0.89
29.3,	2.7,	3.04,	2.28,	0.88
32.71,	2.86,	2.3,	2.08,	0.89
32.91,	2.85,	2.29,	1.94,	0.92
31.7,	2.82,	2.48,	1.87,	0.98
23.93,	3.36,	2.92,	1.85,	1.07
15.91,	4.19,	3.67,	1.95,	1.18
9.9,	4.74,	4.54,	2.08,	1.31
6.18,	4.7,	5.56,	2.29,	1.46
4.69,	4.35,	6.77,	2.55,	1.6
4.03,	4.18,	7.99,	2.82,	1.74
3.42,	4.29,	9.15,	3.08,	1.86
2.58,	4.06,	10.01,	3.31,	1.94
1.28,	3.59,	10.77,	3.47,	2.0
0.66,	3.42,	11.46,	3.55,	2.02
0.66,	3.62,	11.4,	3.56,	2.02
0.97,	3.83,	10.98,	3.46,	2.01
1.28,	3.78,	10.17,	3.28,	1.98
1.5,	3.65,	9.02,	3.04,	1.96
1.86,	3.75,	7.84,	2.76,	1.96
2.48,	3.87,	6.62,	2.45,	1.97
3.75,	3.98,	5.43,	2.19,	2.0
6.32,	3.63,	4.01,	1.93,	2.04
10.76,	2.53,	2.57,	1.74,	2.09
15.25,	1.25,	2.21,	1.68,	2.13
18.44,	0.6,	1.95,	1.62,	2.15
20.8,	0.79,	1.01,	1.7,	2.14
21.59,	1.62,	0.63,	1.78,	2.1
20.01,	2.01,	0.9,	1.92,	2.01
16.34,	1.99,	1.07,	2.08,	1.89
10.86,	2.29,	1.39,	2.23,	1.74
7.34,	2.19,	1.44,	2.36,	1.58
4.69,	1.57,	1.4,	2.39,	1.43
3.05,	0.9,	1.78,	2.44,	1.29
2.02,	0.51,	2.02,	2.38,	1.18
1.52,	0.52,	2.06,	2.3,	1.11
1.39,	0.76,	2.22,	2.2,	1.08
1.8,	0.98,	2.35,	2.05,	1.09
2.51,	1.14,	2.37,	1.91,	1.12
3.47,	1.29,	2.33,	1.78,	1.18
4.48,	1.39,	2.25,	1.68,	1.23
5.27,	1.44,	2.1,	1.61,	1.28
5.96,	1.46,	1.92,	1.59,	1.31
6.17,	1.55,	1.77,	1.6,	1.32
6.76,	1.49,	1.53,	1.66,	1.31
7.51,	1.31,	1.24,	1.74,	1.29
9.02,	0.95,	0.96,	1.83,	1.25
9.58,	0.72,	0.81,	1.91,	1.19
10.63,	0.51,	0.72,	1.98,	1.14
11.99,	0.53,	0.58,	2.01,	1.08
12.95,	0.7,	0.43,	2.01,	1.03
12.98,	0.76,	0.47,	1.97,	0.99
11.89,	0.73,	0.67,	1.89,	0.95
9.84,	0.91,	0.82,	1.8,	0.92
7.5,	1.51,	0.83,	1.65,	0.9
5.69,	1.92,	0.77,	1.52,	0.88
4.12,	1.92,	0.8,	1.39,	0.87
2.98,	1.6,	1.01,	1.29,	0.85
2.15,	1.19,	1.09,	1.23,	0.84
1.51,	0.89,	0.95,	1.21,	0.83
1.08,	0.81,	0.9,	1.26,	0.82
0.75,	0.9,	0.95,	1.36,	0.81
0.69,	1.02,	0.93,	1.51,	0.8
0.79,	1.18,	0.84,	1.71,	0.79
1.21,	1.21,	0.8,	1.91,	0.78
1.8,	1.11,	0.78,	2.12,	0.77
2.38,	0.9,	0.77,	2.31,	0.76
2.87,	0.75,	0.76,	2.47,	0.75
3.2,	0.63,	0.76,	2.57,	0.74
3.31,	0.57,	0.82,	2.61,	0.74
3.53,	0.49,	0.88,	2.6,	0.73
3.51,	0.49,	0.98,	2.52,	0.73
3.04,	0.55,	1.08,	2.4,	0.74
2.75,	0.59,	1.2,	2.26,	0.76
2.61,	0.65,	1.32,	2.12,	0.8
2.29,	0.72,	1.45,	2.01,	0.86
1.99,	0.84,	1.6,	1.95,	0.93
1.48,	0.98,	1.65,	1.96,	1.03
0.94,	1.26,	1.75,	2.05,	1.13
0.63,	1.48,	1.96,	2.22,	1.25
0.52,	1.55,	2.14,	2.43,	1.36
0.61,	1.38,	2.28,	2.71,	1.47
0.73,	1.19,	2.44,	2.97,	1.57
0.83,	1.02,	2.69,	3.23,	1.65
0.87,	1.05,	2.99,	3.43,	1.7
0.89,	1.11,	3.3,	3.56,	1.73
1.06,	1.12,	3.65,	3.62,	1.72
0.95,	1.23,	3.98,	3.6,	1.69
1.07,	1.3,	4.31,	3.53,	1.63
1.07,	1.4,	4.66,	3.4,	1.56
0.94,	1.48,	4.94,	3.24,	1.47
0.87,	1.66,	5.24,	3.08,	1.38
0.67,	1.8,	5.42,	2.93,	1.3
0.5,	1.99,	5.64,	2.79,	1.22
0.44,	2.27,	5.81,	2.68,	1.17
0.44,	2.58,	5.84,	2.59,	1.14
0.48,	2.86,	5.78,	2.53,	1.14
0.51,	3.13,	5.63,	2.47,	1.17
0.47,	3.47,	5.28,	2.41,	1.22
0.42,	3.84,	4.95,	2.35,	1.3
0.36,	4.23,	4.72,	2.27,	1.39
0.44,	4.36,	4.31,	2.18,	1.5
0.83,	4.3,	3.69,	2.08,	1.61
1.71,	4.23,	3.14,	2.0,	1.72
2.49,	4.37,	2.88,	1.92,	1.83
3.12,	4.53,	2.65,	1.86,	1.94
3.73,	4.56,	2.39,	1.81,	2.05
4.23,	4.37,	2.12,	1.78,	2.16
4.75,	3.97,	2.06,	1.75,	2.29
5.07,	3.48,	2.15,	1.73,	2.46
4.68,	3.18,	2.27,	1.69,	2.66
4.49,	3.27,	2.16,	1.64,	2.91
5.16,	2.71,	2.23,	1.58,	3.21
5.98,	2.06,	2.31,	1.49,	3.55
6.77,	1.48,	2.38,	1.4,	3.91
8.52,	0.84,	2.39,	1.3,	4.28
9.4,	0.68,	2.22,	1.19,	4.63
8.98,	0.61,	2.11,	1.09,	4.95
8.06,	0.56,	1.97,	1.0,	5.21
7.31,	0.57,	1.82,	0.93,	5.39
7.1,	0.65,	1.6,	0.9,	5.5
6.4,	0.79,	1.43,	0.87,	5.52
5.24,	1.01,	1.44,	0.89,	5.47
4.0,	1.15,	1.49,	0.94,	5.35
2.78,	1.17,	1.37,	1.01,	5.18
2.01,	0.94,	1.22,	1.11,	4.98
1.52,	0.66,	1.27,	1.22,	4.76
1.76,	0.66,	1.27,	1.33,	4.53
1.93,	0.57,	1.35,	1.43,	4.3
2.55,	0.39,	1.44,	1.52,	4.07
4.13,	0.18,	1.31,	1.58,	3.84
6.3,	0.28,	1.27,	1.59,	3.63
7.98,	0.58,	1.4,	1.58,	3.42
9.2,	0.81,	1.34,	1.52,	3.22
10.1,	0.84,	1.2,	1.42,	3.04
10.77,	0.72,	1.12,	1.31,	2.88
11.0,	0.7,	1.07,	1.16,	2.75
10.88,	0.91,	1.21,	1.03,	2.66
10.58,	1.23,	1.16,	0.9,	2.62
10.19,	1.38,	0.74,	0.78,	2.61
9.54,	1.2,	0.74,	0.72,	2.64
8.65,	0.93,	1.05,	0.69,	2.7
7.47,	0.83,	0.93,	0.69,	2.78
6.17,	1.06,	0.63,	0.74,	2.85
4.97,	1.34,	0.62,	0.81,	2.9
3.62,	1.51,	0.65,	0.9,	2.93
2.37,	1.58,	0.6,	1.0,	2.93
1.41,	1.65,	0.5,	1.11,	2.88
1.05,	1.75,	0.4,	1.2,	2.8
1.04,	1.9,	0.33,	1.28,	2.69
1.18,	2.01,	0.28,	1.34,	2.55
1.22,	1.98,	0.24,	1.37,	2.39
1.14,	1.98,	0.25,	1.37,	2.23
0.84,	2.11,	0.3,	1.35,	2.08
0.63,	2.38,	0.36,	1.29,	1.94
0.8,	2.43,	0.52,	1.23,	1.81
1.43,	2.14,	0.73,	1.15,	1.7
2.82,	1.58,	0.92,	1.05,	1.62
4.73,	1.21,	1.15,	0.97,	1.55
6.73,	1.33,	1.47,	0.86,	1.51
8.09,	1.78,	1.74,	0.78,	1.49
9.24,	2.38,	1.93,	0.71,	1.49
9.87,	2.9,	1.98,	0.65,	1.51
9.78,	3.16,	2.16,	0.61,	1.53
8.59,	3.24,	2.62,	0.59,	1.57
6.91,	3.14,	2.64,	0.59,	1.6
5.2,	3.0,	2.31,	0.6,	1.64
3.76,	3.01,	2.15,	0.64,	1.66
3.19,	3.23,	2.16,	0.69,	1.68
2.97,	3.6,	2.24,	0.74,	1.67
3.49,	3.61,	2.14,	0.81,	1.65
4.42,	3.27,	1.93,	0.88,	1.6
5.68,	2.74,	1.8,	0.94,	1.54
6.93,	2.39,	1.88,	1.01,	1.46
8.22,	2.35,	1.89,	1.07,	1.37
9.62,	2.57,	1.72,	1.12,	1.28
9.98,	2.49,	1.6,	1.16,	1.18
9.9,	2.27,	1.54,	1.19,	1.1
8.86,	1.97,	1.71,	1.21,	1.03
6.88,	2.33,	1.87,	1.22,	0.98
5.0,	2.81,	1.49,	1.22,	0.94
3.41,	2.64,	1.25,	1.2,	0.91
2.47,	1.97,	1.42,	1.19,	0.9
1.83,	1.3,	1.66,	1.16,	0.89
1.45,	0.93,	1.85,	1.13,	0.89
1.69,	0.91,	2.08,	1.11,	0.88
1.87,	0.72,	2.41,	1.09,	0.87
1.73,	0.66,	2.66,	1.06,	0.86
1.86,	0.82,	2.96,	1.03,	0.85
2.22,	0.98,	3.26,	1.02,	0.84
2.72,	1.2,	3.42,	1.02,	0.83
3.44,	1.52,	3.46,	1.02,	0.82
4.75,	1.95,	3.53,	1.04,	0.81
5.73,	2.53,	3.41,	1.06,	0.8
6.79,	3.18,	3.13,	1.1,	0.8
7.52,	3.83,	2.79,	1.14,	0.79
7.95,	4.48,	2.4,	1.19,	0.8
8.15,	5.03,	2.01,	1.23,	0.81
7.85,	5.45,	1.64,	1.26,	0.82
7.35,	5.83,	1.23,	1.28,	0.85
5.9,	6.25,	0.88,	1.28,	0.89
5.06,	6.26,	0.74,	1.27,	0.95
4.58,	5.9,	0.59,	1.24,	1.01
3.92,	5.22,	0.43,	1.19,	1.08
3.46,	4.55,	0.37,	1.14,	1.16
2.74,	4.35,	0.35,	1.08,	1.23
1.99,	3.61,	0.31,	1.0,	1.3
1.45,	2.47,	0.32,	0.94,	1.36
0.86,	1.24,	0.46,	0.91,	1.41
0.71,	0.82,	0.47,	0.88,	1.46
0.8,	0.72,	0.44,	0.9,	1.49
1.14,	0.57,	0.45,	0.95,	1.51
1.83,	0.5,	0.47,	1.03,	1.53
2.06,	0.52,	0.48,	1.14,	1.54
2.06,	0.52,	0.5,	1.28,	1.55
2.05,	0.52,	0.52,	1.43,	1.56
1.86,	0.51,	0.55,	1.59,	1.56
1.26,	0.58,	0.54,	1.73,	1.56
0.69,	0.74,	0.58,	1.85,	1.55
0.41,	0.78,	0.64,	1.93,	1.54
0.3,	0.69,	0.68,	1.98,	1.53
0.28,	0.55,	0.73,	1.98,	1.51
0.34,	0.43,	0.82,	1.93,	1.5
0.35,	0.36,	0.91,	1.85,	1.48
0.31,	0.32,	1.02,	1.75,	1.45
0.23,	0.28,	1.15,	1.63,	1.44
0.18,	0.26,	1.29,	1.52,	1.42
0.14,	0.29,	1.47,	1.43,	1.4
0.13,	0.28,	1.63,	1.36,	1.39
0.23,	0.25,	1.76,	1.34,	1.37
0.53,	0.19,	1.97,	1.35,	1.35
0.79,	0.16,	2.2,	1.41,	1.32
1.07,	0.17,	2.34,	1.5,	1.3
1.26,	0.22,	2.45,	1.61,	1.28
1.41,	0.3,	2.6,	1.72,	1.28
1.42,	0.37,	2.71,	1.82,	1.28
1.37,	0.44,	2.77,	1.9,	1.3
1.04,	0.52,	2.81,	1.95,	1.34
0.92,	0.54,	2.9,	1.97,	1.39
0.8,	0.52,	2.96,	1.95,	1.46
0.84,	0.52,	3.0,	1.9,	1.52
0.84,	0.5,	3.01,	1.84,	1.59
0.92,	0.5,	3.06,	1.74,	1.64
0.96,	0.44,	3.08,	1.64,	1.67
0.94,	0.4,	3.16,	1.54,	1.68
1.02,	0.37,	3.19,	1.44,	1.67
0.98,	0.36,	3.19,	1.35,	1.64
0.88,	0.33,	3.17,	1.28,	1.59
0.88,	0.25,	3.16,	1.22,	1.52
0.95,	0.2,	3.09,	1.17,	1.45
1.0,	0.14,	2.98,	1.13,	1.39
1.22,	0.1,	2.84,	1.1,	1.33
0.93,	0.05,	2.67,	1.09,	1.28
0.82,	0.05,	2.46,	1.08,	1.25
0.89,	0.06,	2.22,	1.07,	1.23
1.11,	0.06,	1.97,	1.08,	1.22
1.32,	0.09,	1.74,	1.08,	1.22
1.36,	0.11,	1.5,	1.1,	1.22
1.25,	0.16,	1.25,	1.12,	1.23
1.0,	0.26,	1.05,	1.15,	1.22
0.82,	0.28,	0.92,	1.19,	1.22
0.5,	0.26,	0.76,	1.23,	1.2
0.24,	0.23,	0.61,	1.27,	1.18
0.1,	0.17,	0.55,	1.31,	1.16
0.07,	0.14,	0.48,	1.35,	1.14
0.05,	0.15,	0.41,	1.38,	1.13
0.14,	0.23,	0.39,	1.41,	1.12
0.24,	0.26,	0.37,	1.41,	1.12
0.34,	0.23,	0.32,	1.41,	1.14
0.58,	0.18,	0.28,	1.4,	1.16
0.84,	0.18,	0.26,	1.36,	1.2
1.02,	0.21,	0.26,	1.32,	1.25
1.15,	0.27,	0.24,	1.27,	1.3
1.15,	0.28,	0.16,	1.2,	1.34
0.97,	0.21,	0.14,	1.14,	1.39
0.67,	0.17,	0.18,	1.07,	1.43
0.36,	0.27,	0.16,	1.01,	1.46
0.19,	0.49,	0.17,	0.96,	1.48
0.17,	0.62,	0.14,	0.92,	1.5
0.28,	0.69,	0.1,	0.89,	1.51
0.61,	0.71,	0.15,	0.88,	1.51
0.9,	0.74,	0.17,	0.89,	1.52
1.1,	0.8,	0.16,	0.91,	1.52
1.35,	0.86,	0.13,	0.96,	1.53
1.24,	0.94,	0.13,	1.01,	1.54
1.16,	1.02,	0.15,	1.08,	1.55
1.03,	1.11,	0.17,	1.16,	1.56
0.95,	1.11,	0.16,	1.24,	1.56
0.85,	1.04,	0.15,	1.31,	1.56
0.86,	1.03,	0.15,	1.38,	1.56
1.06,	1.09,	0.14,	1.42,	1.54
1.44,	1.06,	0.12,	1.45,	1.51
2.24,	0.86,	0.16,	1.45,	1.47
3.67,	0.59,	0.26,	1.41,	1.42
5.4,	0.55,	0.22,	1.37,	1.35
6.93,	0.89,	0.09,	1.29,	1.28
8.02,	1.39,	0.11,	1.2,	1.2
8.53,	1.81,	0.24,	1.14,	1.13
8.83,	2.0,	0.32,	1.06,	1.06
9.14,	1.83,	0.31,	1.06,	0.99
9.57,	1.53,	0.2,	1.07,	0.94
9.97,	1.57,	0.15,	1.11,	0.9
10.31,	2.06,	0.33,	1.27,	0.88
10.34,	2.58,	0.44,	1.37,	0.87
10.08,	2.58,	0.39,	1.58,	0.88
9.31,	1.88,	0.33,	1.76,	0.91
8.24,	1.16,	0.41,	1.93,	0.95
6.84,	1.06,	0.61,	2.11,	1.0
5.4,	1.59,	0.84,	2.22,	1.05
4.02,	1.85,	0.92,	2.3,	1.1
2.66,	1.56,	0.98,	2.33,	1.14
1.6,	0.95,	1.12,	2.3,	1.17
0.86,	0.45,	1.45,	2.24,	1.19
0.55,	0.4,	1.78,	2.13,	1.2
0.54,	0.51,	1.93,	1.98,	1.18
0.59,	0.5,	2.12,	1.83,	1.16
0.64,	0.44,	2.34,	1.65,	1.12
0.76,	0.42,	2.52,	1.48,	1.08
0.91,	0.4,	2.69,	1.32,	1.04
1.28,	0.42,	2.8,	1.17,	1.0
2.3,	0.44,	2.85,	1.04,	0.96
3.79,	0.44,	2.89,	0.92,	0.92
5.56,	0.43,	2.84,	0.84,	0.9
7.23,	0.47,	2.66,	0.76,	0.88
8.1,	0.61,	2.53,	0.7,	0.86
8.27,	0.92,	2.41,	0.69,	0.85
7.26,	1.33,	2.16,	0.66,	0.85
5.49,	1.44,	1.97,	0.69,	0.84
3.27,	1.36,	1.66,	0.72,	0.84
1.5,	1.43,	1.27,	0.77,	0.83
1.24,	1.86,	1.4,	0.85,	0.83
2.46,	2.37,	1.35,	0.92,	0.83
4.93,	2.51,	0.8,	0.99,	0.83
8.82,	2.09,	0.75,	1.08,	0.84
11.89,	1.31,	1.03,	1.12,	0.84
14.46,	0.69,	0.87,	1.17,	0.85
16.24,	0.86,	0.76,	1.21,	0.86
15.91,	1.58,	0.94,	1.22,	0.87
13.58,	2.14,	0.93,	1.23,	0.87
9.92,	2.4,	1.03,	1.23,	0.87
6.18,	2.02,	1.22,	1.22,	0.86
3.26,	1.29,	1.14,	1.2,	0.85
1.66,	0.84,	1.05,	1.21,	0.83
1.25,	0.88,	1.13,	1.18,	0.8
1.44,	1.11,	1.16,	1.19,	0.78
1.91,	1.26,	1.07,	1.21,	0.75
2.32,	1.22,	0.98,	1.22,	0.73
2.6,	1.15,	0.97,	1.27,	0.72
2.89,	1.23,	0.92,	1.3,	0.72
3.09,	1.52,	0.86,	1.35,	0.74
3.11,	1.84,	0.77,	1.41,	0.77
3.2,	2.07,	0.69,	1.45,	0.81
3.44,	2.28,	0.64,	1.5,	0.87
4.16,	2.56,	0.57,	1.53,	0.94
5.56,	3.03,	0.58,	1.54,	1.01
7.49,	3.56,	0.58,	1.54,	1.08
10.4,	4.06,	0.46,	1.53,	1.15
13.79,	4.25,	0.46,	1.47,	1.21
15.54,	4.43,	0.64,	1.41,	1.25
15.07,	5.06,	0.73,	1.33,	1.26
12.03,	6.84,	0.85,	1.23,	1.25
7.74,	9.64,	0.93,	1.13,	1.22
3.61,	12.9,	1.16,	1.02,	1.16
1.75,	15.66,	1.55,	0.91,	1.07
3.98,	16.87,	1.68,	0.81,	0.96
11.01,	16.22,	1.79,	0.7,	0.84
20.72,	14.25,	2.36,	0.6,	0.72
30.33,	12.54,	2.66,	0.51,	0.59
38.28,	12.57,	2.16,	0.42,	0.47
44.62,	14.97,	2.12,	0.35,	0.37
48.86,	18.52,	2.9,	0.29,	0.27
51.54,	20.38,	3.04,	0.23,	0.2
52.83,	17.78,	2.11,	0.18,	0.15
52.41,	11.14,	1.54,	0.17,	0.11
48.99,	4.86,	1.75,	0.12,	0.11
42.26,	2.94,	2.08,	0.16,	0.13
33.23,	4.49,	1.61,	0.17,	0.19
23.88,	5.88,	0.82,	0.24,	0.27
15.97,	5.46,	0.66,	0.36,	0.39
10.09,	4.0,	0.91,	0.51,	0.55
6.29,	2.73,	0.97,	0.73,	0.72
4.57,	2.44,	0.98,	1.03,	0.92
4.39,	3.12,	1.16,	1.39,	1.12
4.32,	4.21,	1.37,	1.85,	1.32
4.75,	5.64,	1.77,	2.37,	1.5
6.3,	7.49,	2.07,	2.99,	1.66
9.33,	9.86,	1.89,	3.66,	1.77
13.5,	12.62,	1.83,	4.34,	1.85
17.96,	15.15,	2.31,	5.07,	1.88
21.36,	16.53,	2.45,	5.71,	1.86
22.38,	16.31,	1.95,	6.32,	1.81
20.31,	15.34,	1.65,	6.82,	1.74
15.51,	15.61,	1.79,	7.16,	1.65
9.71,	18.69,	1.95,	7.41,	1.55
5.49,	23.9,	1.71,	7.42,	1.47
5.41,	28.22,	1.19,	7.33,	1.39
10.89,	28.41,	1.21,	7.06,	1.33
21.52,	23.76,	1.63,	6.66,	1.3
34.3,	16.98,	1.56,	6.17,	1.28
46.65,	12.08,	1.46,	5.58,	1.28
52.6,	11.65,	1.65,	5.02,	1.29
51.05,	13.72,	1.72,	4.36,	1.3
44.46,	17.04,	1.8,	3.86,	1.31
34.17,	18.68,	2.3,	3.24,	1.33
23.3,	16.45,	3.06,	2.8,	1.33
14.84,	10.73,	2.91,	2.43,	1.34
10.02,	5.09,	2.06,	2.01,	1.34
8.38,	3.35,	2.2,	1.77,	1.34
7.63,	4.46,	2.69,	1.51,	1.34
7.3,	6.02,	2.6,	1.32,	1.34
6.94,	7.47,	2.27,	1.17,	1.35
7.16,	8.59,	2.1,	1.04,	1.36
7.49,	9.49,	2.06,	0.94,	1.37
8.32,	10.41,	1.91,	0.86,	1.38
9.64,	11.28,	1.66,	0.8,	1.4
13.87,	12.45,	1.67,	0.76,	1.41
19.54,	12.91,	1.27,	0.7,	1.43
26.97,	11.99,	0.72,	0.69,	1.45
31.24,	10.36,	0.64,	0.64,	1.47
33.34,	8.74,	0.76,	0.61,	1.49
32.29,	8.5,	0.77,	0.61,	1.5
27.82,	9.76,	0.42,	0.58,	1.51
22.14,	10.01,	0.19,	0.59,	1.51
15.27,	8.67,	0.34,	0.59,	1.51
8.81,	5.76,	0.42,	0.61,	1.5
4.31,	2.67,	0.23,	0.63,	1.49
2.86,	1.13,	0.15,	0.66,	1.47
2.96,	0.9,	0.12,	0.71,	1.45
2.87,	0.72,	0.12,	0.77,	1.42
2.66,	0.58,	0.11,	0.85,	1.39
2.67,	0.57,	0.11,	0.95,	1.35
3.3,	0.54,	0.12,	1.07,	1.32
4.33,	0.53,	0.15,	1.2,	1.28
5.76,	0.68,	0.16,	1.34,	1.25
6.95,	0.84,	0.18,	1.51,	1.21
7.76,	0.84,	0.22,	1.66,	1.18
8.0,	0.65,	0.26,	1.82,	1.14
7.58,	0.46,	0.32,	1.97,	1.1
6.56,	0.61,	0.36,	2.09,	1.07
5.1,	0.92,	0.43,	2.19,	1.03
3.36,	1.16,	0.5,	2.27,	0.99
1.94,	1.02,	0.48,	2.3,	0.96
0.9,	0.7,	0.56,	2.34,	0.93
0.33,	0.46,	0.74,	2.35,	0.91
0.2,	0.44,	0.84,	2.35,	0.9
0.24,	0.48,	0.99,	2.35,	0.9
0.31,	0.49,	1.19,	2.35,	0.91
0.45,	0.51,	1.42,	2.35,	0.93
0.49,	0.48,	1.65,	2.35,	0.96
0.57,	0.5,	1.88,	2.35,	0.99
0.7,	0.54,	2.09,	2.34,	1.01
0.72,	0.64,	2.28,	2.32,	1.03
0.8,	0.67,	2.44,	2.27,	1.05
0.91,	0.76,	2.51,	2.2,	1.05
1.05,	0.83,	2.55,	2.09,	1.05
1.22,	0.89,	2.53,	1.96,	1.04
1.21,	0.96,	2.42,	1.81,	1.03
1.27,	0.99,	2.25,	1.64,	1.0
1.17,	1.03,	2.09,	1.46,	0.98
1.05,	1.06,	1.93,	1.28,	0.95
0.77,	1.17,	1.76,	1.11,	0.92
0.4,	1.27,	1.56,	0.96,	0.89
0.18,	1.17,	1.45,	0.82,	0.87
0.16,	0.93,	1.43,	0.72,	0.85
0.25,	0.81,	1.39,	0.64,	0.84
0.58,	0.83,	1.38,	0.6,	0.84
0.79,	0.92,	1.43,	0.57,	0.85
0.84,	0.92,	1.49,	0.58,	0.88
0.92,	0.98,	1.56,	0.6,	0.92
0.8,	0.92,	1.61,	0.63,	0.97
0.75,	0.99,	1.68,	0.68,	1.04
0.72,	1.11,	1.69,	0.74,	1.12
0.77,	1.21,	1.67,	0.8,	1.21
0.79,	1.34,	1.62,	0.86,	1.29
0.86,	1.47,	1.55,	0.93,	1.37
0.91,	1.59,	1.48,	1.0,	1.44
0.97,	1.72,	1.4,	1.08,	1.5
0.91,	1.83,	1.31,	1.15,	1.53
0.61,	1.89,	1.19,	1.22,	1.55
0.51,	2.02,	1.12,	1.29,	1.55
0.51,	2.17,	1.11,	1.34,	1.54
0.54,	2.25,	1.09,	1.39,	1.51
0.57,	2.3,	1.1,	1.42,	1.47
0.6,	2.33,	1.13,	1.43,	1.42
0.5,	2.42,	1.15,	1.43,	1.36
0.5,	2.41,	1.22,	1.44,	1.3
0.59,	2.26,	1.32,	1.44,	1.23
0.75,	2.06,	1.41,	1.45,	1.16
1.04,	1.79,	1.5,	1.48,	1.1
1.44,	1.54,	1.62,	1.52,	1.03
1.43,	1.46,	1.72,	1.59,	0.96
1.53,	1.31,	1.81,	1.67,	0.9
1.69,	1.17,	1.86,	1.75,	0.84
1.71,	1.1,	1.89,	1.84,	0.79
1.6,	1.01,	1.89,	1.91,	0.74
1.37,	0.82,	1.84,	1.96,	0.71
1.27,	0.65,	1.8,	1.98,	0.69
1.37,	0.59,	1.79,	1.95,	0.68
1.41,	0.5,	1.75,	1.89,	0.68
1.45,	0.43,	1.72,	1.78,	0.7
1.37,	0.4,	1.66,	1.63,	0.73
1.39,	0.41,	1.58,	1.48,	0.76
1.26,	0.48,	1.49,	1.31,	0.79
1.41,	0.49,	1.42,	1.17,	0.82
1.48,	0.57,	1.36,	1.07,	0.86
1.45,	0.7,	1.33,	1.0,	0.89
1.34,	0.87,	1.29,	0.99,	0.91
0.99,	1.09,	1.2,	1.03,	0.93
0.57,	1.32,	1.16,	1.1,	0.94
0.46,	1.55,	1.18,	1.21,	0.95
0.48,	1.79,	1.14,	1.33,	0.96
0.67,	2.01,	1.06,	1.44,	0.96
0.66,	2.2,	1.01,	1.55,	0.96
0.61,	2.4,	0.94,	1.65,	0.96
0.5,	2.56,	0.86,	1.73,	0.97
0.58,	2.63,	0.8,	1.79,	0.97
0.65,	2.65,	0.72,	1.83,	0.97
0.73,	2.64,	0.64,	1.86,	0.98
0.78,	2.63,	0.56,	1.88,	0.98
0.71,	2.54,	0.49,	1.9,	0.97
0.52,	2.38,	0.42,	1.92,	0.97
0.53,	2.37,	0.37,	1.94,	0.96
0.75,	2.25,	0.37,	1.96,	0.95
0.88,	2.12,	0.37,	1.97,	0.95
0.98,	1.99,	0.37,	2.0,	0.96
0.99,	1.96,	0.48,	2.04,	0.98
0.92,	1.82,	0.62,	2.09,	1.01
0.68,	1.77,	0.78,	2.18,	1.07
0.35,	1.6,	0.96,	2.28,	1.13
0.11,	1.33,	1.16,	2.41,	1.2
0.03,	1.12,	1.36,	2.58,	1.27
0.07,	1.09,	1.57,	2.75,	1.33
0.11,	1.15,	1.7,	2.92,	1.37
0.12,	1.16,	1.81,	3.08,	1.38
0.15,	1.23,	1.82,	3.19,	1.37
0.16,	1.26,	1.79,	3.26,	1.34
0.08,	1.23,	1.7,	3.26,	1.27
0.04,	1.3,	1.53,	3.19,	1.18
0.02,	1.42,	1.35,	3.07,	1.08
0.03,	1.46,	1.17,	2.89,	0.97
0.07,	1.47,	0.99,	2.69,	0.85
0.16,	1.38,	0.81,	2.47,	0.75
0.34,	1.15,	0.6,	2.27,	0.67
0.44,	0.97,	0.48,	2.1,	0.62
0.46,	0.88,	0.41,	1.96,	0.59
0.37,	0.87,	0.34,	1.87,	0.6
0.26,	1.02,	0.26,	1.81,	0.63
0.26,	1.0,	0.24,	1.8,	0.68
0.36,	0.78,	0.26,	1.79,	0.74
0.85,	0.42,	0.27,	1.8,	0.81
1.52,	0.16,	0.23,	1.8,	0.89
2.17,	0.06,	0.22,	1.76,	0.95
2.23,	0.07,	0.21,	1.72,	1.01
2.18,	0.16,	0.2,	1.64,	1.06
1.83,	0.22,	0.21,	1.55,	1.11
1.27,	0.26,	0.22,	1.46,	1.15
0.64,	0.27,	0.22,	1.34,	1.2
0.26,	0.23,	0.23,	1.27,	1.24
0.2,	0.17,	0.24,	1.2,	1.28
0.39,	0.15,	0.24,	1.16,	1.31
0.69,	0.18,	0.26,	1.14,	1.34
0.97,	0.23,	0.27,	1.14,	1.37
1.08,	0.28,	0.28,	1.17,	1.38
1.21,	0.32,	0.3,	1.21,	1.39
1.26,	0.37,	0.32,	1.25,	1.38
1.18,	0.41,	0.32,	1.3,	1.37
1.11,	0.44,	0.34,	1.34,	1.35
1.05,	0.48,	0.36,	1.38,	1.34
1.05,	0.51,	0.4,	1.4,	1.33
1.31,	0.51,	0.44,	1.4,	1.33
1.72,	0.57,	0.52,	1.39,	1.34
2.22,	0.72,	0.64,	1.35,	1.36
2.91,	0.94,	0.73,	1.3,	1.4
3.36,	0.97,	0.77,	1.23,	1.45
3.76,	0.84,	0.82,	1.15,	1.5
3.88,	0.83,	0.94,	1.08,	1.55
3.87,	1.18,	1.22,	1.01,	1.6
3.66,	1.53,	1.25,	0.97,	1.63
3.15,	1.42,	0.95,	0.94,	1.64
2.57,	0.96,	0.93,	0.96,	1.65
2.3,	0.6,	1.21,	1.02,	1.63
2.66,	0.79,	1.15,	1.09,	1.61
3.93,	1.39,	0.92,	1.22,	1.58
5.76,	1.81,	0.76,	1.36,	1.56
7.93,	1.79,	0.71,	1.52,	1.53
10.15,	1.41,	0.84,	1.67,	1.52
12.42,	1.08,	0.83,	1.84,	1.51
13.8,	1.01,	0.51,	1.96,	1.5
13.79,	1.28,	0.53,	2.06,	1.49
12.67,	1.75,	0.68,	2.12,	1.49
10.34,	2.41,	0.57,	2.11,	1.48
7.21,	3.11,	0.48,	2.1,	1.47
4.79,	3.45,	0.55,	2.01,	1.46
3.47,	3.54,	0.57,	1.9,	1.44
3.1,	3.64,	0.57,	1.79,	1.41
3.56,	4.0,	0.55,	1.66,	1.39
4.2,	4.45,	0.56,	1.55,	1.36
4.62,	4.78,	0.56,	1.46,	1.33
4.36,	4.99,	0.55,	1.42,	1.3
4.15,	5.37,	0.65,	1.4,	1.28
4.62,	5.65,	0.73,	1.42,	1.27
5.33,	5.82,	0.77,	1.48,	1.27
6.63,	5.51,	0.79,	1.54,	1.28
7.93,	4.97,	0.9,	1.62,	1.31
10.35,	4.15,	1.08,	1.7,	1.35
12.51,	3.76,	1.2,	1.75,	1.4
14.47,	3.65,	1.41,	1.79,	1.45
15.92,	3.57,	1.7,	1.8,	1.51
16.32,	3.13,	1.97,	1.78,	1.56
15.8,	2.3,	2.27,	1.74,	1.59
13.56,	1.41,	2.64,	1.65,	1.61
10.34,	1.37,	3.12,	1.57,	1.6
7.01,	2.02,	3.53,	1.49,	1.57
4.92,	2.31,	3.52,	1.4,	1.51
3.28,	2.16,	3.52,	1.32,	1.43
2.25,	1.73,	3.79,	1.26,	1.34
2.01,	1.37,	3.83,	1.21,	1.25
2.06,	1.14,	3.64,	1.19,	1.15
2.06,	1.1,	3.47,	1.19,	1.07
1.43,	1.1,	3.25,	1.21,	1.0
0.82,	1.06,	3.02,	1.27,	0.95
0.83,	1.18,	2.87,	1.35,	0.91
0.87,	1.28,	2.71,	1.46,	0.9
0.96,	1.32,	2.62,	1.57,	0.9
0.97,	1.37,	2.61,	1.72,	0.92
0.86,	1.52,	2.44,	1.84,	0.93
0.71,	1.84,	2.17,	1.97,	0.94
0.59,	1.99,	2.21,	2.07,	0.95
0.47,	1.84,	2.17,	2.13,	0.95
0.31,	1.52,	1.93,	2.16,	0.94
0.27,	1.15,	1.65,	2.14,	0.92
0.32,	1.08,	1.52,	2.06,	0.9
0.29,	1.1,	1.34,	1.95,	0.87
0.26,	1.13,	1.14,	1.81,	0.83
0.21,	1.02,	0.91,	1.65,	0.8
0.15,	0.79,	0.75,	1.48,	0.76
0.1,	0.56,	0.7,	1.33,	0.74
0.08,	0.45,	0.66,	1.21,	0.72
0.11,	0.53,	0.59,	1.13,	0.71
0.13,	0.52,	0.64,	1.09,	0.72
0.12,	0.48,	0.73,	1.11,	0.73
0.12,	0.46,	0.84,	1.17,	0.76
0.14,	0.47,	0.94,	1.26,	0.79
0.21,	0.61,	1.07,	1.37,	0.83
0.25,	0.76,	1.15,	1.49,	0.86
0.25,	0.95,	1.19,	1.6,	0.89
0.31,	1.14,	1.22,	1.68,	0.92
0.31,	1.33,	1.23,	1.73,	0.93
0.34,	1.53,	1.19,	1.74,	0.93
0.41,	1.72,	1.12,	1.71,	0.91
0.51,	1.87,	1.05,	1.65,	0.89
0.54,	1.94,	0.96,	1.56,	0.85
0.62,	1.97,	0.89,	1.45,	0.82
0.66,	1.96,	0.83,	1.33,	0.78
0.66,	1.93,	0.78,	1.21,	0.75
0.67,	1.82,	0.75,	1.1,	0.72
0.78,	1.64,	0.71,	1.01,	0.7
0.89,	1.44,	0.7,	0.93,	0.7
0.68,	1.4,	0.69,	0.87,	0.7
0.64,	1.27,	0.69,	0.83,	0.72
0.57,	1.14,	0.68,	0.8,	0.75
0.48,	1.0,	0.66,	0.78,	0.79
0.37,	0.93,	0.62,	0.76,	0.84
0.15,	0.88,	0.61,	0.74,	0.91
0.11,	0.74,	0.52,	0.73,	0.99
0.27,	0.55,	0.42,	0.71,	1.07
0.32,	0.48,	0.35,	0.69,	1.16
0.37,	0.39,	0.29,	0.68,	1.24
0.38,	0.34,	0.24,	0.68,	1.32
0.41,	0.27,	0.19,	0.68,	1.38
0.33,	0.24,	0.14,	0.69,	1.43
0.29,	0.18,	0.13,	0.72,	1.46
0.27,	0.12,	0.12,	0.76,	1.46
0.24,	0.05,	0.11,	0.81,	1.44
0.27,	0.04,	0.11,	0.87,	1.41
0.22,	0.03,	0.12,	0.93,	1.36
0.18,	0.03,	0.13,	0.99,	1.31
0.13,	0.04,	0.14,	1.05,	1.25
0.13,	0.05,	0.15,	1.09,	1.2
0.14,	0.06,	0.17,	1.13,	1.16
0.13,	0.09,	0.2,	1.16,	1.13
0.12,	0.15,	0.22,	1.18,	1.11
0.11,	0.21,	0.24,	1.18,	1.1
0.1,	0.29,	0.27,	1.17,	1.1
0.11,	0.41,	0.3,	1.16,	1.11
0.14,	0.57,	0.33,	1.15,	1.11
